  -4.37113883E-08  0.999509692    
  -8.74227766E-08   1.99803877    
  -1.31134158E-07   2.99558735    
  -1.74845553E-07   3.99215531    
  -2.18556934E-07   4.98774195    
  -2.62268316E-07   5.98234940    
  -3.05979711E-07   6.97597551    
  -3.49691106E-07   7.96862078    
  -3.93402473E-07   8.96028614    
  -4.37113869E-07   9.95096874    
  -4.80825292E-07   10.9406738    
  -5.24536631E-07   11.9293966    
  -5.68248026E-07   12.9171391    
  -6.11959422E-07   13.9039011    
  -6.55670817E-07   14.8896818    
  -6.99382213E-07   15.8744831    
  -7.43093608E-07   16.8583031    
  -7.86804947E-07   17.8411427    
  -8.30516399E-07   18.8230019    
  -8.74227737E-07   19.8038788    
  -9.17939133E-07   20.7837772    
  -9.61650585E-07   21.7626953    
  -1.00536192E-06   22.7406292    
  -1.04907326E-06   23.7175865    
  -1.09278471E-06   24.6935616    
  -1.13649605E-06   25.6685581    
  -1.18020739E-06   26.6425686    
  -1.22391884E-06   27.6156044    
  -1.26763018E-06   28.5876579    
  -1.31134163E-06   29.5587273    
  -1.35505309E-06   30.5288219    
  -1.39876443E-06   31.4979324    
  -1.44247576E-06   32.4660645    
  -1.48618722E-06   33.4332123    
  -1.52989855E-06   34.3993835    
  -1.57360989E-06   35.3645706    
  -1.61732135E-06   36.3287811    
  -1.66103280E-06   37.2920074    
  -1.70474414E-06   38.2542534    
  -1.74845547E-06   39.2155151    
  -1.79216693E-06   40.1758041    
  -1.83587827E-06   41.1351089    
  -1.87958960E-06   42.0934334    
  -1.92330117E-06   43.0507774    
  -1.96701239E-06   44.0071411    
  -2.01072385E-06   44.9625206    
  -2.05443530E-06   45.9169273    
  -2.09814652E-06   46.8703499    
  -2.14185798E-06   47.8227844    
  -2.18556943E-06   48.7742500    
  -2.22928088E-06   49.7247314    
  -2.27299211E-06   50.6742287    
  -2.31670356E-06   51.6227417    
  -2.36041478E-06   52.5702820    
  -2.40412646E-06   53.5168419    
  -2.44783769E-06   54.4624176    
  -2.49154914E-06   55.4070168    
  -2.53526036E-06   56.3506317    
  -2.57897182E-06   57.2932625    
  -2.62268327E-06   58.2349167    
  -2.66639472E-06   59.1755943    
  -2.71010617E-06   60.1152878    
  -2.75381740E-06   61.0540009    
  -2.79752885E-06   61.9917297    
  -2.84124008E-06   62.9284821    
  -2.88495153E-06   63.8642540    
  -2.92866275E-06   64.7990341    
  -2.97237443E-06   65.7328491    
  -3.01608588E-06   66.6656799    
  -3.05979711E-06   67.5975266    
  -3.10350856E-06   68.5283966    
  -3.14721979E-06   69.4582825    
  -3.19093124E-06   70.3871841    
  -3.23464269E-06   71.3151169    
  -3.27835414E-06   72.2420654    
  -3.32206560E-06   73.1680298    
  -3.36577682E-06   74.0930099    
  -3.40948827E-06   75.0170135    
  -3.45319950E-06   75.9400406    
  -3.49691095E-06   76.8620758    
  -3.54062240E-06   77.7831421    
  -3.58433385E-06   78.7032242    
  -3.62804508E-06   79.6223221    
  -3.67175653E-06   80.5404434    
  -3.71546798E-06   81.4575806    
  -3.75917921E-06   82.3737335    
  -3.80289089E-06   83.2889175    
  -3.84660234E-06   84.2031174    
  -3.89031356E-06   85.1163330    
  -3.93402479E-06   86.0285721    
  -3.97773601E-06   86.9398270    
  -4.02144769E-06   87.8500900    
  -4.06515937E-06   88.7593918    
  -4.10887060E-06   89.6677094    
  -4.15258182E-06   90.5750427    
  -4.19629305E-06   91.4813995    
  -4.24000473E-06   92.3867645    
  -4.28371595E-06   93.2911530    
  -4.32742718E-06   94.1945648    
  -4.37113886E-06   95.0970001    
  -4.41485008E-06   95.9984512    
  -4.45856176E-06   96.8989182    
  -4.50227299E-06   97.7984085    
  -4.54598421E-06   98.6969147    
  -4.58969544E-06   99.5944366    
  -4.63340712E-06   100.490982    
  -4.67711834E-06   101.386551    
  -4.72082957E-06   102.281136    
  -4.76454170E-06   103.174744    
  -4.80825292E-06   104.067368    
  -4.85196415E-06   104.959015    
  -4.89567537E-06   105.849678    
  -4.93938705E-06   106.739357    
  -4.98309828E-06   107.628059    
  -5.02680950E-06   108.515785    
  -5.07052073E-06   109.402527    
  -5.11423241E-06   110.288277    
  -5.15794363E-06   111.173058    
  -5.20165486E-06   112.056854    
  -5.24536654E-06   112.939674    
  -5.28907776E-06   113.821510    
  -5.33278944E-06   114.702377    
  -5.37650067E-06   115.582253    
  -5.42021235E-06   116.461151    
  -5.46392357E-06   117.339066    
  -5.50763480E-06   118.215996    
  -5.55134648E-06   119.091949    
  -5.59505770E-06   119.966927    
  -5.63876893E-06   120.840919    
  -5.68248015E-06   121.713928    
  -5.72619183E-06   122.585960    
  -5.76990305E-06   123.457016    
  -5.81361428E-06   124.327087    
  -5.85732550E-06   125.196159    
  -5.90103764E-06   126.064285    
  -5.94474886E-06   126.931412    
  -5.98846009E-06   127.797562    
  -6.03217177E-06   128.662720    
  -6.07588299E-06   129.526917    
  -6.11959422E-06   130.390121    
  -6.16330544E-06   131.252350    
  -6.20701712E-06   132.113586    
  -6.25072835E-06   132.973862    
  -6.29443957E-06   133.833145    
  -6.33815125E-06   134.691437    
  -6.38186248E-06   135.548752    
  -6.42557370E-06   136.405090    
  -6.46928538E-06   137.260468    
  -6.51299706E-06   138.114853    
  -6.55670829E-06   138.968246    
  -6.60041951E-06   139.820663    
  -6.64413119E-06   140.672104    
  -6.68784241E-06   141.522568    
  -6.73155364E-06   142.372040    
  -6.77526486E-06   143.220551    
  -6.81897654E-06   144.068054    
  -6.86268777E-06   144.914597    
  -6.90639899E-06   145.760147    
  -6.95011022E-06   146.604706    
  -6.99382190E-06   147.448303    
  -7.03753358E-06   148.290939    
  -7.08124480E-06   149.132568    
  -7.12495648E-06   149.973221    
  -7.16866771E-06   150.812897    
  -7.21237893E-06   151.651581    
  -7.25609016E-06   152.489288    
  -7.29980184E-06   153.326019    
  -7.34351306E-06   154.161774    
  -7.38722429E-06   154.996536    
  -7.43093597E-06   155.830338    
  -7.47464719E-06   156.663116    
  -7.51835842E-06   157.494949    
  -7.56207010E-06   158.325806    
  -7.60578178E-06   159.155670    
  -7.64949255E-06   159.984558    
  -7.69320468E-06   160.812469    
  -7.73691590E-06   161.639389    
  -7.78062713E-06   162.465332    
  -7.82433835E-06   163.290298    
  -7.86804958E-06   164.114288    
  -7.91176080E-06   164.937286    
  -7.95547203E-06   165.759308    
  -7.99918416E-06   166.580353    
  -8.04289539E-06   167.400391    
  -8.08660661E-06   168.219467    
  -8.13031875E-06   169.037582    
  -8.17402997E-06   169.854706    
  -8.21774120E-06   170.670837    
  -8.26145242E-06   171.485992    
  -8.30516365E-06   172.300171    
  -8.34887487E-06   173.113373    
  -8.39258610E-06   173.925583    
  -8.43629732E-06   174.736816    
  -8.48000946E-06   175.547073    
  -8.52372068E-06   176.356339    
  -8.56743191E-06   177.164627    
  -8.61114313E-06   177.971939    
  -8.65485435E-06   178.778259    
  -8.69856649E-06   179.583633    
  -8.74227771E-06   180.388000    
  -8.78598894E-06   181.191391    
  -8.82970016E-06   181.993805    
  -8.87341139E-06   182.795227    
  -8.91712352E-06   183.595673    
  -8.96083475E-06   184.395142    
  -9.00454597E-06   185.193634    
  -9.04825720E-06   185.991135    
  -9.09196842E-06   186.787659    
  -9.13567965E-06   187.583191    
  -9.17939087E-06   188.377762    
  -9.22310210E-06   189.171341    
  -9.26681423E-06   189.963943    
  -9.31052546E-06   190.755569    
  -9.35423668E-06   191.546204    
  -9.39794791E-06   192.335876    
  -9.44165913E-06   193.124557    
  -9.48537036E-06   193.912247    
  -9.52908340E-06   194.698975    
  -9.57279462E-06   195.484726    
  -9.61650585E-06   196.269485    
  -9.66021707E-06   197.053253    
  -9.70392830E-06   197.836060    
  -9.74763952E-06   198.617874    
  -9.79135075E-06   199.398712    
  -9.83506288E-06   200.178558    
  -9.87877411E-06   200.957443    
  -9.92248533E-06   201.735336    
  -9.96619656E-06   202.512238    
  -1.00099078E-05   203.288177    
  -1.00536190E-05   204.063126    
  -1.00973302E-05   204.837097    
  -1.01410415E-05   205.610092    
  -1.01847536E-05   206.382111    
  -1.02284648E-05   207.153122    
  -1.02721760E-05   207.923172    
  -1.03158873E-05   208.692245    
  -1.03595985E-05   209.460327    
  -1.04033097E-05   210.227432    
  -1.04470209E-05   210.993561    
  -1.04907331E-05   211.758713    
  -1.05344443E-05   212.522873    
  -1.05781555E-05   213.286057    
  -1.06218667E-05   214.048264    
  -1.06655789E-05   214.809494    
  -1.07092901E-05   215.569748    
  -1.07530013E-05   216.329010    
  -1.07967135E-05   217.087280    
  -1.08404247E-05   217.844589    
  -1.08841359E-05   218.600906    
  -1.09278471E-05   219.356247    
  -1.09715584E-05   220.110611    
  -1.10152696E-05   220.863983    
  -1.10589808E-05   221.616394    
  -1.11026930E-05   222.367798    
  -1.11464042E-05   223.118240    
  -1.11901154E-05   223.867706    
  -1.12338266E-05   224.616180    
  -1.12775379E-05   225.363678    
  -1.13212491E-05   226.110184    
  -1.13649603E-05   226.855728    
  -1.14086715E-05   227.600281    
  -1.14523837E-05   228.343842    
  -1.14960949E-05   229.086441    
  -1.15398061E-05   229.828064    
  -1.15835173E-05   230.568695    
  -1.16272286E-05   231.308334    
  -1.16709398E-05   232.046982    
  -1.17146510E-05   232.784668    
  -1.17583641E-05   233.521393    
  -1.18020753E-05   234.257126    
  -1.18457865E-05   234.991882    
  -1.18894977E-05   235.725647    
  -1.19332090E-05   236.458435    
  -1.19769202E-05   237.190247    
  -1.20206314E-05   237.921066    
  -1.20643435E-05   238.650909    
  -1.21080548E-05   239.379776    
  -1.21517660E-05   240.107651    
  -1.21954772E-05   240.834564    
  -1.22391884E-05   241.560486    
  -1.22828997E-05   242.285431    
  -1.23266109E-05   243.009384    
  -1.23703230E-05   243.732361    
  -1.24140342E-05   244.454361    
  -1.24577455E-05   245.175385    
  -1.25014567E-05   245.895416    
  -1.25451679E-05   246.614487    
  -1.25888791E-05   247.332565    
  -1.26325904E-05   248.049652    
  -1.26763025E-05   248.765778    
  -1.27200137E-05   249.480911    
  -1.27637250E-05   250.195038    
  -1.28074362E-05   250.908203    
  -1.28511474E-05   251.620407    
  -1.28948595E-05   252.331635    
  -1.29385708E-05   253.041870    
  -1.29822829E-05   253.751129    
  -1.30259941E-05   254.459396    
  -1.30697053E-05   255.166687    
  -1.31134166E-05   255.873001    
  -1.31571278E-05   256.578339    
  -1.32008390E-05   257.282684    
  -1.32445502E-05   257.986053    
  -1.32882624E-05   258.688446    
  -1.33319736E-05   259.389832    
  -1.33756848E-05   260.090271    
  -1.34193961E-05   260.789734    
  -1.34631073E-05   261.488190    
  -1.35068185E-05   262.185669    
  -1.35505297E-05   262.882172    
  -1.35942410E-05   263.577698    
  -1.36379531E-05   264.272247    
  -1.36816643E-05   264.965820    
  -1.37253755E-05   265.658386    
  -1.37690868E-05   266.349976    
  -1.38127980E-05   267.040619    
  -1.38565092E-05   267.730225    
  -1.39002204E-05   268.418884    
  -1.39439326E-05   269.106567    
  -1.39876438E-05   269.793243    
  -1.40313559E-05   270.479004    
  -1.40750672E-05   271.163727    
  -1.41187784E-05   271.847504    
  -1.41624896E-05   272.530273    
  -1.42062017E-05   273.212067    
  -1.42499130E-05   273.892883    
  -1.42936242E-05   274.572723    
  -1.43373354E-05   275.251587    
  -1.43810466E-05   275.929443    
  -1.44247579E-05   276.606323    
  -1.44684691E-05   277.282257    
  -1.45121803E-05   277.957184    
  -1.45558924E-05   278.631134    
  -1.45996037E-05   279.304108    
  -1.46433149E-05   279.976074    
  -1.46870261E-05   280.647095    
  -1.47307373E-05   281.317139    
  -1.47744486E-05   281.986176    
  -1.48181598E-05   282.654236    
  -1.48618719E-05   283.321320    
  -1.49055832E-05   283.987427    
  -1.49492944E-05   284.652527    
  -1.49930056E-05   285.316681    
  -1.50367168E-05   285.979828    
  -1.50804281E-05   286.642029    
  -1.51241402E-05   287.303253    
  -1.51678523E-05   287.963470    
  -1.52115636E-05   288.622711    
  -1.52552748E-05   289.280975    
  -1.52989851E-05   289.938263    
  -1.53426972E-05   290.594543    
  -1.53864094E-05   291.249878    
  -1.54301197E-05   291.904205    
  -1.54738318E-05   292.557556    
  -1.55175421E-05   293.209961    
  -1.55612543E-05   293.861328    
  -1.56049646E-05   294.511749    
  -1.56486767E-05   295.161194    
  -1.56923888E-05   295.809662    
  -1.57360992E-05   296.457123    
  -1.57798113E-05   297.103607    
  -1.58235216E-05   297.749146    
  -1.58672337E-05   298.393677    
  -1.59109441E-05   299.037231    
  -1.59546562E-05   299.679810    
  -1.59983683E-05   300.321381    
  -1.60420786E-05   300.961975    
  -1.60857908E-05   301.601593    
  -1.61295011E-05   302.240234    
  -1.61732132E-05   302.877899    
  -1.62169235E-05   303.514587    
  -1.62606375E-05   304.150330    
  -1.63043478E-05   304.785065    
  -1.63480599E-05   305.418793    
  -1.63917703E-05   306.051575    
  -1.64354824E-05   306.683350    
  -1.64791927E-05   307.314148    
  -1.65229048E-05   307.943970    
  -1.65666170E-05   308.572815    
  -1.66103273E-05   309.200684    
  -1.66540394E-05   309.827576    
  -1.66977497E-05   310.453461    
  -1.67414619E-05   311.078369    
  -1.67851722E-05   311.702332    
  -1.68288843E-05   312.325287    
  -1.68725946E-05   312.947266    
  -1.69163068E-05   313.568268    
  -1.69600189E-05   314.188293    
  -1.70037292E-05   314.807312    
  -1.70474414E-05   315.425385    
  -1.70911517E-05   316.042450    
  -1.71348638E-05   316.658508    
  -1.71785741E-05   317.273621    
  -1.72222863E-05   317.887756    
  -1.72659984E-05   318.500916    
  -1.73097087E-05   319.113098    
  -1.73534208E-05   319.724304    
  -1.73971330E-05   320.334534    
  -1.74408433E-05   320.943756    
  -1.74845554E-05   321.552002    
  -1.75282657E-05   322.159241    
  -1.75719779E-05   322.765564    
  -1.76156882E-05   323.370850    
  -1.76594003E-05   323.975220    
  -1.77031106E-05   324.578522    
  -1.77468228E-05   325.180908    
  -1.77905331E-05   325.782288    
  -1.78342470E-05   326.382690    
  -1.78779574E-05   326.982117    
  -1.79216695E-05   327.580566    
  -1.79653816E-05   328.178040    
  -1.80090919E-05   328.774536    
  -1.80528041E-05   329.370026    
  -1.80965144E-05   329.964539    
  -1.81402265E-05   330.558075    
  -1.81839368E-05   331.150635    
  -1.82276490E-05   331.742218    
  -1.82713593E-05   332.332794    
  -1.83150714E-05   332.922424    
  -1.83587817E-05   333.511047    
  -1.84024939E-05   334.098755    
  -1.84462042E-05   334.685394    
  -1.84899181E-05   335.271118    
  -1.85336285E-05   335.855804    
  -1.85773406E-05   336.439575    
  -1.86210509E-05   337.022308    
  -1.86647630E-05   337.604095    
  -1.87084734E-05   338.184875    
  -1.87521855E-05   338.764709    
  -1.87958958E-05   339.343506    
  -1.88396079E-05   339.921387    
  -1.88833183E-05   340.498230    
  -1.89270304E-05   341.074158    
  -1.89707407E-05   341.649048    
  -1.90144528E-05   342.222992    
  -1.90581668E-05   342.795929    
  -1.91018771E-05   343.367920    
  -1.91455892E-05   343.938904    
  -1.91892996E-05   344.508911    
  -1.92330117E-05   345.077911    
  -1.92767220E-05   345.645966    
  -1.93204341E-05   346.213043    
  -1.93641445E-05   346.779083    
  -1.94078566E-05   347.344238    
  -1.94515669E-05   347.908325    
  -1.94952790E-05   348.471497    
  -1.95389894E-05   349.033630    
  -1.95827015E-05   349.594849    
  -1.96264118E-05   350.154999    
  -1.96701258E-05   350.714233    
  -1.97138343E-05   351.272461    
  -1.97575482E-05   351.829742    
  -1.98012585E-05   352.386017    
  -1.98449707E-05   352.941345    
  -1.98886810E-05   353.495636    
  -1.99323931E-05   354.048981    
  -1.99761034E-05   354.601318    
  -2.00198156E-05   355.152710    
  -2.00635259E-05   355.703094    
  -2.01072380E-05   356.252533    
  -2.01509501E-05   356.800964    
  -2.01946605E-05   357.348419    
  -2.02383726E-05   357.894897    
  -2.02820829E-05   358.440369    
  -2.03257969E-05   358.984863    
  -2.03695072E-05   359.528412    
  -2.04132193E-05   360.070984    
  -2.04569296E-05   360.612518    
  -2.05006418E-05   361.153137    
  -2.05443521E-05   361.692719    
  -2.05880642E-05   362.231354    
  -2.06317745E-05   362.768982    
  -2.06754867E-05   363.305664    
  -2.07191970E-05   363.841339    
  -2.07629091E-05   364.376068    
  -2.08066194E-05   364.909790    
  -2.08503316E-05   365.442535    
  -2.08940419E-05   365.974274    
  -2.09377558E-05   366.505066    
  -2.09814662E-05   367.034851    
  -2.10251783E-05   367.563721    
  -2.10688886E-05   368.091522    
  -2.11126007E-05   368.618408    
  -2.11563110E-05   369.144287    
  -2.12000232E-05   369.669189    
  -2.12437335E-05   370.193085    
  -2.12874456E-05   370.716064    
  -2.13311578E-05   371.238007    
  -2.13748681E-05   371.758972    
  -2.14185802E-05   372.278961    
  -2.14622905E-05   372.798004    
  -2.15060027E-05   373.316040    
  -2.15497130E-05   373.833069    
  -2.15934269E-05   374.349152    
  -2.16371373E-05   374.864227    
  -2.16808494E-05   375.378357    
  -2.17245597E-05   375.891479    
  -2.17682718E-05   376.403625    
  -2.18119822E-05   376.914795    
  -2.18556943E-05   377.424988    
  -2.18994046E-05   377.934204    
  -2.19431167E-05   378.442444    
  -2.19868271E-05   378.949677    
  -2.20305392E-05   379.455963    
  -2.20742495E-05   379.961243    
  -2.21179616E-05   380.465546    
  -2.21616720E-05   380.968872    
  -2.22053859E-05   381.471222    
  -2.22490962E-05   381.972565    
  -2.22928084E-05   382.472961    
  -2.23365187E-05   382.972351    
  -2.23802308E-05   383.470825    
  -2.24239429E-05   383.968262    
  -2.24676533E-05   384.464722    
  -2.25113654E-05   384.960175    
  -2.25550757E-05   385.454712    
  -2.25987878E-05   385.948212    
  -2.26424982E-05   386.440735    
  -2.26862103E-05   386.932312    
  -2.27299206E-05   387.422913    
  -2.27736327E-05   387.912476    
  -2.28173431E-05   388.401123    
  -2.28610570E-05   388.888733    
  -2.29047673E-05   389.375397    
  -2.29484795E-05   389.861084    
  -2.29921898E-05   390.345764    
  -2.30359019E-05   390.829468    
  -2.30796122E-05   391.312225    
  -2.31233244E-05   391.793945    
  -2.31670347E-05   392.274750    
  -2.32107468E-05   392.754517    
  -2.32544571E-05   393.233337    
  -2.32981693E-05   393.711182    
  -2.33418796E-05   394.187988    
  -2.33855917E-05   394.663879    
  -2.34293020E-05   395.138733    
  -2.34730160E-05   395.612671    
  -2.35167281E-05   396.085602    
  -2.35604384E-05   396.557556    
  -2.36041506E-05   397.028503    
  -2.36478609E-05   397.498535    
  -2.36915730E-05   397.967529    
  -2.37352833E-05   398.435547    
  -2.37789955E-05   398.902588    
  -2.38227058E-05   399.368652    
  -2.38664179E-05   399.833740    
  -2.39101282E-05   400.297852    
  -2.39538404E-05   400.760956    
  -2.39975507E-05   401.223083    
  -2.40412628E-05   401.684265    
  -2.40849731E-05   402.144470    
  -2.41286871E-05   402.603638    
  -2.41723974E-05   403.061859    
  -2.42161095E-05   403.519104    
  -2.42598198E-05   403.975372    
  -2.43035320E-05   404.430603    
  -2.43472423E-05   404.884949    
  -2.43909544E-05   405.338226    
  -2.44346647E-05   405.790527    
  -2.44783769E-05   406.241943    
  -2.45220872E-05   406.692261    
  -2.45657993E-05   407.141693    
  -2.46095096E-05   407.590057    
  -2.46532218E-05   408.037537    
  -2.46969357E-05   408.483978    
  -2.47406460E-05   408.929443    
  -2.47843582E-05   409.373962    
  -2.48280685E-05   409.817444    
  -2.48717806E-05   410.259979    
  -2.49154909E-05   410.701538    
  -2.49592031E-05   411.142090    
  -2.50029134E-05   411.581696    
  -2.50466255E-05   412.020294    
  -2.50903358E-05   412.457947    
  -2.51340480E-05   412.894562    
  -2.51777583E-05   413.330261    
  -2.52214704E-05   413.764893    
  -2.52651807E-05   414.198639    
  -2.53088947E-05   414.631348    
  -2.53526050E-05   415.063110    
  -2.53963171E-05   415.493835    
  -2.54400275E-05   415.923645    
  -2.54837396E-05   416.352417    
  -2.55274499E-05   416.780212    
  -2.55711620E-05   417.207092    
  -2.56148724E-05   417.632904    
  -2.56585845E-05   418.057831    
  -2.57022948E-05   418.481689    
  -2.57460069E-05   418.904663    
  -2.57897191E-05   419.326569    
  -2.58334294E-05   419.747559    
  -2.58771415E-05   420.167511    
  -2.59208518E-05   420.586487    
  -2.59645658E-05   421.004517    
  -2.60082761E-05   421.421570    
  -2.60519882E-05   421.837585    
  -2.60956986E-05   422.252686    
  -2.61394107E-05   422.666748    
  -2.61831210E-05   423.079895    
  -2.62268331E-05   423.492004    
  -2.62705435E-05   423.903168    
  -2.63142556E-05   424.313324    
  -2.63579659E-05   424.722534    
  -2.64016780E-05   425.130737    
  -2.64453884E-05   425.537964    
  -2.64891005E-05   425.944214    
  -2.65328108E-05   426.349487    
  -2.65765248E-05   426.753723    
  -2.66202351E-05   427.157013    
  -2.66639472E-05   427.559387    
  -2.67076575E-05   427.960693    
  -2.67513697E-05   428.361084    
  -2.67950800E-05   428.760437    
  -2.68387921E-05   429.158875    
  -2.68825042E-05   429.556274    
  -2.69262146E-05   429.952759    
  -2.69699267E-05   430.348206    
  -2.70136370E-05   430.742676    
  -2.70573491E-05   431.136169    
  -2.71010595E-05   431.528687    
  -2.71447716E-05   431.920227    
  -2.71884819E-05   432.310791    
  -2.72321959E-05   432.700378    
  -2.72759062E-05   433.088959    
  -2.73196183E-05   433.476562    
  -2.73633286E-05   433.863220    
  -2.74070408E-05   434.248840    
  -2.74507511E-05   434.633545    
  -2.74944632E-05   435.017212    
  -2.75381735E-05   435.399963    
  -2.75818857E-05   435.781677    
  -2.76255960E-05   436.162445    
  -2.76693081E-05   436.542175    
  -2.77130184E-05   436.920929    
  -2.77567306E-05   437.298798    
  -2.78004409E-05   437.675598    
  -2.78441548E-05   438.051453    
  -2.78878651E-05   438.426300    
  -2.79315773E-05   438.800232    
  -2.79752876E-05   439.173096    
  -2.80189997E-05   439.545044    
  -2.80627119E-05   439.916016    
  -2.81064222E-05   440.285950    
  -2.81501343E-05   440.654938    
  -2.81938446E-05   441.022949    
  -2.82375568E-05   441.389954    
  -2.82812671E-05   441.756042    
  -2.83249792E-05   442.121094    
  -2.83686895E-05   442.485168    
  -2.84124035E-05   442.848267    
  -2.84561120E-05   443.210388    
  -2.84998259E-05   443.571533    
  -2.85435362E-05   443.931702    
  -2.85872484E-05   444.290833    
  -2.86309587E-05   444.649078    
  -2.86746708E-05   445.006287    
  -2.87183811E-05   445.362518    
  -2.87620933E-05   445.717773    
  -2.88058036E-05   446.071991    
  -2.88495157E-05   446.425354    
  -2.88932260E-05   446.777588    
  -2.89369382E-05   447.128967    
  -2.89806485E-05   447.479309    
  -2.90243606E-05   447.828705    
  -2.90680709E-05   448.177063    
  -2.91117849E-05   448.524475    
  -2.91554970E-05   448.870911    
  -2.91992073E-05   449.216400    
  -2.92429195E-05   449.560852    
  -2.92866298E-05   449.904358    
  -2.93303419E-05   450.246857    
  -2.93740522E-05   450.588379    
  -2.94177644E-05   450.928925    
  -2.94614747E-05   451.268494    
  -2.95051868E-05   451.607056    
  -2.95488971E-05   451.944672    
  -2.95926093E-05   452.281311    
  -2.96363196E-05   452.616974    
  -2.96800335E-05   452.951599    
  -2.97237439E-05   453.285309    
  -2.97674560E-05   453.617981    
  -2.98111663E-05   453.949738    
  -2.98548784E-05   454.280457    
  -2.98985888E-05   454.610168    
  -2.99423009E-05   454.938995    
  -2.99860112E-05   455.266724    
  -3.00297233E-05   455.593628    
  -3.00734337E-05   455.919434    
  -3.01171458E-05   456.244324    
  -3.01608561E-05   456.568146    
  -3.02045682E-05   456.891052    
  -3.02482804E-05   457.212982    
  -3.02919907E-05   457.533936    
  -3.03357047E-05   457.853882    
  -3.03794150E-05   458.172852    
  -3.04231271E-05   458.490845    
  -3.04668374E-05   458.807861    
  -3.05105495E-05   459.123901    
  -3.05542599E-05   459.438965    
  -3.05979702E-05   459.752991    
  -3.06416805E-05   460.066101    
  -3.06853944E-05   460.378204    
  -3.07291048E-05   460.689362    
  -3.07728187E-05   460.999481    
  -3.08165290E-05   461.308655    
  -3.08602393E-05   461.616852    
  -3.09039497E-05   461.924072    
  -3.09476636E-05   462.230286    
  -3.09913739E-05   462.535461    
  -3.10350842E-05   462.839783    
  -3.10787946E-05   463.143005    
  -3.11225085E-05   463.445374    
  -3.11662188E-05   463.746643    
  -3.12099291E-05   464.047028    
  -3.12536395E-05   464.346375    
  -3.12973534E-05   464.644775    
  -3.13410674E-05   464.942139    
  -3.13847777E-05   465.238617    
  -3.14284880E-05   465.533997    
  -3.14721983E-05   465.828491    
  -3.15159123E-05   466.121979    
  -3.15596226E-05   466.414490    
  -3.16033329E-05   466.705994    
  -3.16470432E-05   466.996521    
  -3.16907572E-05   467.286072    
  -3.17344675E-05   467.574646    
  -3.17781778E-05   467.862244    
  -3.18218881E-05   468.148895    
  -3.18656021E-05   468.434479    
  -3.19093124E-05   468.719177    
  -3.19530263E-05   469.002838    
  -3.19967367E-05   469.285522    
  -3.20404470E-05   469.567230    
  -3.20841573E-05   469.847900    
  -3.21278712E-05   470.127686    
  -3.21715816E-05   470.406403    
  -3.22152919E-05   470.684265    
  -3.22590022E-05   470.961029    
  -3.23027161E-05   471.236877    
  -3.23464265E-05   471.511688    
  -3.23901368E-05   471.785583    
  -3.24338471E-05   472.058441    
  -3.24775610E-05   472.330414    
  -3.25212750E-05   472.601288    
  -3.25649853E-05   472.871277    
  -3.26086956E-05   473.140228    
  -3.26524059E-05   473.408203    
  -3.26961199E-05   473.675201    
  -3.27398302E-05   473.941223    
  -3.27835405E-05   474.206268    
  -3.28272508E-05   474.470337    
  -3.28709648E-05   474.733398    
  -3.29146751E-05   474.995514    
  -3.29583854E-05   475.256592    
  -3.30020957E-05   475.516785    
  -3.30458097E-05   475.775909    
  -3.30895200E-05   476.034119    
  -3.31332340E-05   476.291290    
  -3.31769443E-05   476.547455    
  -3.32206546E-05   476.802734    
  -3.32643649E-05   477.056946    
  -3.33080789E-05   477.310272    
  -3.33517892E-05   477.562531    
  -3.33954995E-05   477.813873    
  -3.34392098E-05   478.064178    
  -3.34829238E-05   478.313538    
  -3.35266341E-05   478.561890    
  -3.35703444E-05   478.809326    
  -3.36140583E-05   479.055695    
  -3.36577687E-05   479.301147    
  -3.37014790E-05   479.545593    
  -3.37451893E-05   479.789062    
  -3.37889032E-05   480.031555    
  -3.38326136E-05   480.273041    
  -3.38763275E-05   480.513580    
  -3.39200378E-05   480.753113    
  -3.39637481E-05   480.991669    
  -3.40074585E-05   481.229309    
  -3.40511724E-05   481.465851    
  -3.40948827E-05   481.701508    
  -3.41385930E-05   481.936157    
  -3.41823034E-05   482.169830    
  -3.42260173E-05   482.402496    
  -3.42697276E-05   482.634125    
  -3.43134379E-05   482.864899    
  -3.43571483E-05   483.094574    
  -3.44008622E-05   483.323395    
  -3.44445725E-05   483.551147    
  -3.44882865E-05   483.777954    
  -3.45319968E-05   484.003754    
  -3.45757071E-05   484.228607    
  -3.46194174E-05   484.452454    
  -3.46631314E-05   484.675354    
  -3.47068417E-05   484.897217    
  -3.47505520E-05   485.118164    
  -3.47942660E-05   485.338104    
  -3.48379763E-05   485.557037    
  -3.48816866E-05   485.775024    
  -3.49253969E-05   485.992004    
  -3.49691109E-05   486.208008    
  -3.50128248E-05   486.423035    
  -3.50565315E-05   486.637085    
  -3.51002454E-05   486.850189    
  -3.51439558E-05   487.062225    
  -3.51876697E-05   487.273315    
  -3.52313764E-05   487.483459    
  -3.52750903E-05   487.692657    
  -3.53188007E-05   487.900818    
  -3.53625146E-05   488.107971    
  -3.54062213E-05   488.314178    
  -3.54499352E-05   488.519348    
  -3.54936456E-05   488.723663    
  -3.55373595E-05   488.926910    
  -3.55810662E-05   489.129181    
  -3.56247801E-05   489.330475    
  -3.56684941E-05   489.530823    
  -3.57122044E-05   489.730133    
  -3.57559147E-05   489.928497    
  -3.57996250E-05   490.125854    
  -3.58433390E-05   490.322296    
  -3.58870493E-05   490.517700    
  -3.59307633E-05   490.712097    
  -3.59744699E-05   490.905548    
  -3.60181839E-05   491.098083    
  -3.60618942E-05   491.289581    
  -3.61056082E-05   491.480072    
  -3.61493148E-05   491.669617    
  -3.61930288E-05   491.858215    
  -3.62367427E-05   492.045746    
  -3.62804531E-05   492.232330    
  -3.63241634E-05   492.417938    
  -3.63678737E-05   492.602600    
  -3.64115876E-05   492.786255    
  -3.64552980E-05   492.968903    
  -3.64990083E-05   493.150604    
  -3.65427186E-05   493.331268    
  -3.65864325E-05   493.511047    
  -3.66301429E-05   493.689758    
  -3.66738532E-05   493.867523    
  -3.67175635E-05   494.044312    
  -3.67612774E-05   494.220123    
  -3.68049878E-05   494.394958    
  -3.68486981E-05   494.568787    
  -3.68924084E-05   494.741638    
  -3.69361223E-05   494.913574    
  -3.69798363E-05   495.084473    
  -3.70235466E-05   495.254333    
  -3.70672569E-05   495.423279    
  -3.71109672E-05   495.591278    
  -3.71546812E-05   495.758270    
  -3.71983915E-05   495.924255    
  -3.72421018E-05   496.089264    
  -3.72858121E-05   496.253357    
  -3.73295261E-05   496.416351    
  -3.73732364E-05   496.578430    
  -3.74169467E-05   496.739532    
  -3.74606570E-05   496.899689    
  -3.75043710E-05   497.058807    
  -3.75480849E-05   497.216949    
  -3.75917916E-05   497.374146    
  -3.76355056E-05   497.530273    
  -3.76792159E-05   497.685547    
  -3.77229298E-05   497.839752    
  -3.77666365E-05   497.993011    
  -3.78103505E-05   498.145264    
  -3.78540608E-05   498.296570    
  -3.78977747E-05   498.446869    
  -3.79414814E-05   498.596222    
  -3.79851954E-05   498.744537    
  -3.80289057E-05   498.891968    
  -3.80726196E-05   499.038330    
  -3.81163336E-05   499.183685    
  -3.81600403E-05   499.328125    
  -3.82037542E-05   499.471619    
  -3.82474645E-05   499.614075    
  -3.82911785E-05   499.755554    
  -3.83348852E-05   499.896057    
  -3.83785991E-05   500.035614    
  -3.84223094E-05   500.174133    
  -3.84660234E-05   500.311676    
  -3.85097301E-05   500.448242    
  -3.85534440E-05   500.583893    
  -3.85971543E-05   500.718506    
  -3.86408683E-05   500.852142    
  -3.86845750E-05   500.984802    
  -3.87282889E-05   501.116425    
  -3.87720029E-05   501.247162    
  -3.88157132E-05   501.376892    
  -3.88594235E-05   501.505615    
  -3.89031338E-05   501.633362    
  -3.89468478E-05   501.760162    
  -3.89905581E-05   501.885925    
  -3.90342684E-05   502.010742    
  -3.90779787E-05   502.134583    
  -3.91216927E-05   502.257477    
  -3.91654030E-05   502.379333    
  -3.92091169E-05   502.500183    
  -3.92528236E-05   502.620087    
  -3.92965376E-05   502.739075    
  -3.93402515E-05   502.856995    
  -3.93839618E-05   502.973969    
  -3.94276685E-05   503.089966    
  -3.94713825E-05   503.205017    
  -3.95150964E-05   503.319000    
  -3.95588067E-05   503.432037    
  -3.96025171E-05   503.544098    
  -3.96462274E-05   503.655243    
  -3.96899413E-05   503.765320    
  -3.97336516E-05   503.874451    
  -3.97773620E-05   503.982574    
  -3.98210723E-05   504.089691    
  -3.98647862E-05   504.195923    
  -3.99084965E-05   504.301117    
  -3.99522069E-05   504.405334    
  -3.99959172E-05   504.508575    
  -4.00396311E-05   504.610840    
  -4.00833451E-05   504.712128    
  -4.01270518E-05   504.812408    
  -4.01707657E-05   504.911713    
  -4.02144760E-05   505.010101    
  -4.02581900E-05   505.107452    
  -4.03019003E-05   505.203796    
  -4.03456106E-05   505.299194    
  -4.03893209E-05   505.393646    
  -4.04330349E-05   505.487061    
  -4.04767452E-05   505.579529    
  -4.05204555E-05   505.670990    
  -4.05641658E-05   505.761536    
  -4.06078798E-05   505.851013    
  -4.06515937E-05   505.939514    
  -4.06953004E-05   506.027069    
  -4.07390144E-05   506.113678    
  -4.07827247E-05   506.199280    
  -4.08264386E-05   506.283875    
  -4.08701453E-05   506.367493    
  -4.09138593E-05   506.450104    
  -4.09575696E-05   506.531830    
  -4.10012835E-05   506.612488    
  -4.10449902E-05   506.692200    
  -4.10887042E-05   506.770905    
  -4.11324145E-05   506.848663    
  -4.11761284E-05   506.925415    
  -4.12198351E-05   507.001221    
  -4.12635491E-05   507.076019    
  -4.13072630E-05   507.149872    
  -4.13509733E-05   507.222717    
  -4.13946836E-05   507.294586    
  -4.14383940E-05   507.365417    
  -4.14821079E-05   507.435364    
  -4.15258182E-05   507.504272    
  -4.15695322E-05   507.572174    
  -4.16132389E-05   507.639160    
  -4.16569528E-05   507.705170    
  -4.17006631E-05   507.770142    
  -4.17443771E-05   507.834137    
  -4.17880838E-05   507.897186    
  -4.18317977E-05   507.959290    
  -4.18755117E-05   508.020325    
  -4.19192220E-05   508.080414    
  -4.19629323E-05   508.139526    
  -4.20066426E-05   508.197632    
  -4.20503566E-05   508.254822    
  -4.20940669E-05   508.310974    
  -4.21377772E-05   508.366180    
  -4.21814875E-05   508.420380    
  -4.22252015E-05   508.473633    
  -4.22689118E-05   508.525848    
  -4.23126221E-05   508.577148    
  -4.23563324E-05   508.627411    
  -4.24000464E-05   508.676758    
  -4.24437567E-05   508.725067    
  -4.24874670E-05   508.772430    
  -4.25311773E-05   508.818756    
  -4.25748913E-05   508.864197    
  -4.26186052E-05   508.908569    
  -4.26623155E-05   508.951996    
  -4.27060259E-05   508.994446    
  -4.27497362E-05   509.035950    
  -4.27934501E-05   509.076385    
  -4.28371604E-05   509.115875    
  -4.28808708E-05   509.154388    
  -4.29245811E-05   509.191986    
  -4.29682950E-05   509.228546    
  -4.30120053E-05   509.264099    
  -4.30557157E-05   509.298706    
  -4.30994260E-05   509.332275    
  -4.31431399E-05   509.364960    
  -4.31868539E-05   509.396606    
  -4.32305606E-05   509.427277    
  -4.32742745E-05   509.456970    
  -4.33179848E-05   509.485687    
  -4.33616988E-05   509.513428    
  -4.34054054E-05   509.540192    
  -4.34491194E-05   509.565948    
  -4.34928297E-05   509.590790    
  -4.35365437E-05   509.614563    
  -4.35802503E-05   509.637421    
  -4.36239643E-05   509.659210    
  -4.36676746E-05   509.680145    
  -4.37113886E-05   509.700012    
  -4.37551025E-05   509.718903    
  -4.37988092E-05   509.736847    
  -4.38425232E-05   509.753845    
  -4.38862335E-05   509.769745    
  -4.39299474E-05   509.784729    
  -4.39736541E-05   509.798737    
  -4.40173681E-05   509.811829    
  -4.40610784E-05   509.823853    
  -4.41047923E-05   509.834900    
  -4.41484990E-05   509.845001    
  -4.41922130E-05   509.854034    
  -4.42359233E-05   509.862213    
  -4.42796372E-05   509.869354    
  -4.43233439E-05   509.875519    
  -4.43670579E-05   509.880676    
  -4.44107718E-05   509.884888    
  -4.44544821E-05   509.888092    
  -4.44981924E-05   509.890350    
  -4.45419028E-05   509.891602    
  -4.45856167E-05   509.891907    
  -4.46293270E-05   509.891205    
  -4.46730373E-05   509.889526    
  -4.47167477E-05   509.886841    
  -4.47604616E-05   509.883240    
  -4.48041719E-05   509.878601    
  -4.48478859E-05   509.872986    
  -4.48915926E-05   509.866455    
  -4.49353065E-05   509.858887    
  -4.49790205E-05   509.850281    
  -4.50227308E-05   509.840698    
  -4.50664411E-05   509.830261    
  -4.51101514E-05   509.818787    
  -4.51538654E-05   509.806274    
  -4.51975757E-05   509.792847    
  -4.52412860E-05   509.778442    
  -4.52849963E-05   509.763000    
  -4.53287103E-05   509.746582    
  -4.53724206E-05   509.729187    
  -4.54161309E-05   509.710938    
  -4.54598412E-05   509.691589    
  -4.55035552E-05   509.671204    
  -4.55472655E-05   509.649902    
  -4.55909758E-05   509.627563    
  -4.56346861E-05   509.604431    
  -4.56784001E-05   509.580200    
  -4.57221140E-05   509.554932    
  -4.57658207E-05   509.528687    
  -4.58095346E-05   509.501587    
  -4.58532450E-05   509.473389    
  -4.58969589E-05   509.444275    
  -4.59406692E-05   509.414124    
  -4.59843795E-05   509.383118    
  -4.60280899E-05   509.351013    
  -4.60718038E-05   509.317871    
  -4.61155141E-05   509.283813    
  -4.61592244E-05   509.248901    
  -4.62029348E-05   509.212891    
  -4.62466487E-05   509.175842    
  -4.62903627E-05   509.137878    
  -4.63340693E-05   509.098999    
  -4.63777833E-05   509.059021    
  -4.64214936E-05   509.018127    
  -4.64652076E-05   508.976196    
  -4.65089142E-05   508.933411    
  -4.65526282E-05   508.889526    
  -4.65963385E-05   508.844666    
  -4.66400525E-05   508.798828    
  -4.66837591E-05   508.752014    
  -4.67274731E-05   508.704346    
  -4.67711834E-05   508.655579    
  -4.68148974E-05   508.605835    
  -4.68586040E-05   508.555054    
  -4.69023180E-05   508.503418    
  -4.69460319E-05   508.450745    
  -4.69897423E-05   508.397095    
  -4.70334562E-05   508.342407    
  -4.70771629E-05   508.286865    
  -4.71208768E-05   508.230286    
  -4.71645872E-05   508.172668    
  -4.72083011E-05   508.114075    
  -4.72520078E-05   508.054626    
  -4.72957217E-05   507.994080    
  -4.73394321E-05   507.932556    
  -4.73831460E-05   507.870056    
  -4.74268527E-05   507.806702    
  -4.74705666E-05   507.742188    
  -4.75142806E-05   507.676758    
  -4.75579909E-05   507.610352    
  -4.76017012E-05   507.543030    
  -4.76454115E-05   507.474609    
  -4.76891255E-05   507.405212    
  -4.77328358E-05   507.334900    
  -4.77765461E-05   507.263550    
  -4.78202564E-05   507.191345    
  -4.78639704E-05   507.118103    
  -4.79076807E-05   507.043823    
  -4.79513910E-05   506.968567    
  -4.79951013E-05   506.892395    
  -4.80388153E-05   506.815186    
  -4.80825256E-05   506.737000    
  -4.81262396E-05   506.657837    
  -4.81699462E-05   506.577820    
  -4.82136602E-05   506.496643    
  -4.82573741E-05   506.414490    
  -4.83010845E-05   506.331421    
  -4.83447948E-05   506.247437    
  -4.83885051E-05   506.162415    
  -4.84322190E-05   506.076355    
  -4.84759294E-05   505.989380    
  -4.85196397E-05   505.901489    
  -4.85633500E-05   505.812439    
  -4.86070639E-05   505.722473    
  -4.86507743E-05   505.631592    
  -4.86944846E-05   505.539734    
  -4.87381949E-05   505.446838    
  -4.87819088E-05   505.352905    
  -4.88256228E-05   505.258057    
  -4.88693295E-05   505.162231    
  -4.89130434E-05   505.065491    
  -4.89567537E-05   504.967712    
  -4.90004677E-05   504.868958    
  -4.90441744E-05   504.769165    
  -4.90878883E-05   504.668518    
  -4.91315986E-05   504.566772    
  -4.91753126E-05   504.464050    
  -4.92190193E-05   504.360352    
  -4.92627332E-05   504.255859    
  -4.93064435E-05   504.150208    
  -4.93501575E-05   504.043518    
  -4.93938714E-05   503.935913    
  -4.94375781E-05   503.827454    
  -4.94812921E-05   503.717834    
  -4.95250024E-05   503.607300    
  -4.95687163E-05   503.495789    
  -4.96124230E-05   503.383362    
  -4.96561370E-05   503.269836    
  -4.96998473E-05   503.155396    
  -4.97435612E-05   503.039917    
  -4.97872679E-05   502.923584    
  -4.98309819E-05   502.806213    
  -4.98746922E-05   502.687744    
  -4.99184061E-05   502.568359    
  -4.99621128E-05   502.447998    
  -5.00058268E-05   502.326782    
  -5.00495407E-05   502.204468    
  -5.00932510E-05   502.081177    
  -5.01369614E-05   501.956909    
  -5.01806717E-05   501.831726    
  -5.02243856E-05   501.705505    
  -5.02680959E-05   501.578247    
  -5.03118063E-05   501.450073    
  -5.03555166E-05   501.320984    
  -5.03992305E-05   501.190857    
  -5.04429408E-05   501.059631    
  -5.04866548E-05   500.927551    
  -5.05303615E-05   500.794556    
  -5.05740754E-05   500.660461    
  -5.06177894E-05   500.525391    
  -5.06614997E-05   500.389343    
  -5.07052100E-05   500.252441    
  -5.07489203E-05   500.114380    
  -5.07926343E-05   499.975403    
  -5.08363446E-05   499.835449    
  -5.08800549E-05   499.694580    
  -5.09237652E-05   499.552673    
  -5.09674792E-05   499.409729    
  -5.10111895E-05   499.265808    
  -5.10548998E-05   499.120911    
  -5.10986101E-05   498.975220    
  -5.11423241E-05   498.828369    
  -5.11860344E-05   498.680542    
  -5.12297447E-05   498.531738    
  -5.12734550E-05   498.382080    
  -5.13171690E-05   498.231323    
  -5.13608829E-05   498.079590    
  -5.14045896E-05   497.926819    
  -5.14483036E-05   497.773254    
  -5.14920139E-05   497.618591    
  -5.15357278E-05   497.462891    
  -5.15794381E-05   497.306274    
  -5.16231485E-05   497.148743    
  -5.16668588E-05   496.990173    
  -5.17105727E-05   496.830566    
  -5.17542830E-05   496.670044    
  -5.17979934E-05   496.508606    
  -5.18417037E-05   496.346008    
  -5.18854176E-05   496.182495    
  -5.19291316E-05   496.018066    
  -5.19728383E-05   495.852661    
  -5.20165522E-05   495.686218    
  -5.20602625E-05   495.518799    
  -5.21039765E-05   495.350403    
  -5.21476832E-05   495.180969    
  -5.21913971E-05   495.010742    
  -5.22351074E-05   494.839417    
  -5.22788214E-05   494.667053    
  -5.23225281E-05   494.493713    
  -5.23662420E-05   494.319519    
  -5.24099523E-05   494.144287    
  -5.24536663E-05   493.968018    
  -5.24973730E-05   493.790771    
  -5.25410869E-05   493.612671    
  -5.25848009E-05   493.433472    
  -5.26285112E-05   493.253296    
  -5.26722251E-05   493.072144    
  -5.27159318E-05   492.890076    
  -5.27596458E-05   492.706970    
  -5.28033561E-05   492.522888    
  -5.28470700E-05   492.337830    
  -5.28907767E-05   492.151855    
  -5.29344907E-05   491.964783    
  -5.29782010E-05   491.776794    
  -5.30219149E-05   491.587769    
  -5.30656216E-05   491.397888    
  -5.31093356E-05   491.206970    
  -5.31530495E-05   491.014954    
  -5.31967598E-05   490.822083    
  -5.32404702E-05   490.628174    
  -5.32841805E-05   490.433411    
  -5.33278944E-05   490.237549    
  -5.33716047E-05   490.040710    
  -5.34153151E-05   489.842834    
  -5.34590254E-05   489.644104    
  -5.35027393E-05   489.444336    
  -5.35464496E-05   489.243591    
  -5.35901600E-05   489.041809    
  -5.36338703E-05   488.839233    
  -5.36775842E-05   488.635498    
  -5.37212982E-05   488.430786    
  -5.37650085E-05   488.225098    
  -5.38087188E-05   488.018555    
  -5.38524291E-05   487.810974    
  -5.38961431E-05   487.602356    
  -5.39398534E-05   487.392761    
  -5.39835637E-05   487.182312    
  -5.40272740E-05   486.970703    
  -5.40709880E-05   486.758179    
  -5.41146983E-05   486.544678    
  -5.41584086E-05   486.330261    
  -5.42021189E-05   486.114807    
  -5.42458329E-05   485.898315    
  -5.42895432E-05   485.680847    
  -5.43332535E-05   485.462463    
  -5.43769638E-05   485.243164    
  -5.44206778E-05   485.022766    
  -5.44643917E-05   484.801453    
  -5.45080984E-05   484.579102    
  -5.45518124E-05   484.355835    
  -5.45955227E-05   484.131531    
  -5.46392366E-05   483.906250    
  -5.46829433E-05   483.679993    
  -5.47266573E-05   483.452881    
  -5.47703676E-05   483.224670    
  -5.48140815E-05   482.995422    
  -5.48577918E-05   482.765259    
  -5.49015022E-05   482.534180    
  -5.49452125E-05   482.302063    
  -5.49889264E-05   482.068909    
  -5.50326404E-05   481.834839    
  -5.50763471E-05   481.599854    
  -5.51200610E-05   481.363708    
  -5.51637713E-05   481.126648    
  -5.52074853E-05   480.888672    
  -5.52511920E-05   480.649780    
  -5.52949059E-05   480.409790    
  -5.53386162E-05   480.168762    
  -5.53823302E-05   479.926819    
  -5.54260369E-05   479.683838    
  -5.54697508E-05   479.440063    
  -5.55134611E-05   479.195190    
  -5.55571751E-05   478.949341    
  -5.56008818E-05   478.702454    
  -5.56445957E-05   478.454712    
  -5.56883097E-05   478.205872    
  -5.57320200E-05   477.956055    
  -5.57757303E-05   477.705322    
  -5.58194406E-05   477.453674    
  -5.58631546E-05   477.200928    
  -5.59068649E-05   476.947144    
  -5.59505752E-05   476.692444    
  -5.59942855E-05   476.436890    
  -5.60379995E-05   476.180237    
  -5.60817098E-05   475.922607    
  -5.61254237E-05   475.664001    
  -5.61691304E-05   475.404480    
  -5.62128444E-05   475.143860    
  -5.62565583E-05   474.882324    
  -5.63002686E-05   474.619751    
  -5.63439789E-05   474.356384    
  -5.63876893E-05   474.091858    
  -5.64314032E-05   473.826294    
  -5.64751135E-05   473.559875    
  -5.65188238E-05   473.292419    
  -5.65625342E-05   473.024109    
  -5.66062481E-05   472.754700    
  -5.66499584E-05   472.484314    
  -5.66936687E-05   472.212952    
  -5.67373791E-05   471.940674    
  -5.67810930E-05   471.667358    
  -5.68248070E-05   471.393005    
  -5.68685136E-05   471.117737    
  -5.69122240E-05   470.841553    
  -5.69559379E-05   470.564331    
  -5.69996519E-05   470.286072    
  -5.70433585E-05   470.006836    
  -5.70870725E-05   469.726807    
  -5.71307828E-05   469.445557    
  -5.71744968E-05   469.163391    
  -5.72182071E-05   468.880310    
  -5.72619174E-05   468.596313    
  -5.73056277E-05   468.311157    
  -5.73493417E-05   468.025146    
  -5.73930520E-05   467.738037    
  -5.74367623E-05   467.450073    
  -5.74804726E-05   467.161011    
  -5.75241866E-05   466.871094    
  -5.75679005E-05   466.580017    
  -5.76116072E-05   466.288086    
  -5.76553211E-05   465.995300    
  -5.76990315E-05   465.701355    
  -5.77427454E-05   465.406372    
  -5.77864521E-05   465.110474    
  -5.78301660E-05   464.813782    
  -5.78738764E-05   464.515930    
  -5.79175903E-05   464.217041    
  -5.79612970E-05   463.917297    
  -5.80050109E-05   463.616577    
  -5.80487213E-05   463.314819    
  -5.80924352E-05   463.012085    
  -5.81361419E-05   462.708374    
  -5.81798558E-05   462.403748    
  -5.82235698E-05   462.097961    
  -5.82672801E-05   461.791382    
  -5.83109941E-05   461.483643    
  -5.83547007E-05   461.175171    
  -5.83984147E-05   460.865601    
  -5.84421250E-05   460.554932    
  -5.84858390E-05   460.243347    
  -5.85295456E-05   459.930908    
  -5.85732596E-05   459.617432    
  -5.86169699E-05   459.302856    
  -5.86606839E-05   458.987427    
  -5.87043905E-05   458.670898    
  -5.87481045E-05   458.353516    
  -5.87918184E-05   458.035034    
  -5.88355288E-05   457.715698    
  -5.88792391E-05   457.395264    
  -5.89229494E-05   457.073975    
  -5.89666633E-05   456.751648    
  -5.90103737E-05   456.428284    
  -5.90540840E-05   456.103943    
  -5.90977943E-05   455.778687    
  -5.91415082E-05   455.452515    
  -5.91852186E-05   455.125183    
  -5.92289289E-05   454.796936    
  -5.92726392E-05   454.467896    
  -5.93163531E-05   454.137634    
  -5.93600671E-05   453.806396    
  -5.94037774E-05   453.474243    
  -5.94474877E-05   453.141235    
  -5.94911980E-05   452.807068    
  -5.95349120E-05   452.471985    
  -5.95786223E-05   452.135864    
  -5.96223326E-05   451.798950    
  -5.96660429E-05   451.460815    
  -5.97097569E-05   451.121826    
  -5.97534672E-05   450.781799    
  -5.97971775E-05   450.440796    
  -5.98408878E-05   450.098999    
  -5.98846018E-05   449.755981    
  -5.99283121E-05   449.411987    
  -5.99720224E-05   449.067078    
  -6.00157327E-05   448.721375    
  -6.00594467E-05   448.374451    
  -6.01031606E-05   448.026611    
  -6.01468673E-05   447.677795    
  -6.01905813E-05   447.328064    
  -6.02342916E-05   446.977234    
  -6.02780055E-05   446.625488    
  -6.03217122E-05   446.272705    
  -6.03654262E-05   445.919067    
  -6.04091365E-05   445.564270    
  -6.04528504E-05   445.208618    
  -6.04965608E-05   444.851929    
  -6.05402711E-05   444.494385    
  -6.05839814E-05   444.135742    
  -6.06276953E-05   443.776123    
  -6.06714093E-05   443.415466    
  -6.07151160E-05   443.053955    
  -6.07588299E-05   442.691467    
  -6.08025402E-05   442.327881    
  -6.08462542E-05   441.963379    
  -6.08899609E-05   441.597900    
  -6.09336748E-05   441.231445    
  -6.09773851E-05   440.863953    
  -6.10210991E-05   440.495544    
  -6.10648058E-05   440.126099    
  -6.11085197E-05   439.755798    
  -6.11522337E-05   439.384460    
  -6.11959404E-05   439.012024    
  -6.12396543E-05   438.638672    
  -6.12833610E-05   438.264404    
  -6.13270749E-05   437.889160    
  -6.13707889E-05   437.512817    
  -6.14144956E-05   437.135559    
  -6.14582095E-05   436.757446    
  -6.15019235E-05   436.378174    
  -6.15456374E-05   435.997925    
  -6.15893441E-05   435.616760    
  -6.16330581E-05   435.234680    
  -6.16767647E-05   434.851501    
  -6.17204787E-05   434.467407    
  -6.17641927E-05   434.082214    
  -6.18078993E-05   433.696228    
  -6.18516133E-05   433.309143    
  -6.18953272E-05   432.921143    
  -6.19390412E-05   432.532043    
  -6.19827479E-05   432.142029    
  -6.20264618E-05   431.751160    
  -6.20701685E-05   431.359131    
  -6.21138824E-05   430.966125    
  -6.21575891E-05   430.572205    
  -6.22013031E-05   430.177429    
  -6.22450170E-05   429.781494    
  -6.22887310E-05   429.384521    
  -6.23324377E-05   428.986755    
  -6.23761516E-05   428.588013    
  -6.24198583E-05   428.188110    
  -6.24635722E-05   427.787354    
  -6.25072789E-05   427.385559    
  -6.25509929E-05   426.982849    
  -6.25947068E-05   426.579041    
  -6.26384208E-05   426.174377    
  -6.26821347E-05   425.768616    
  -6.27258414E-05   425.362061    
  -6.27695554E-05   424.954468    
  -6.28132620E-05   424.545715    
  -6.28569760E-05   424.136047    
  -6.29006827E-05   423.725586    
  -6.29443966E-05   423.314026    
  -6.29881106E-05   422.901367    
  -6.30318245E-05   422.487915    
  -6.30755312E-05   422.073364    
  -6.31192452E-05   421.657898    
  -6.31629591E-05   421.241333    
  -6.32066658E-05   420.823975    
  -6.32503798E-05   420.405518    
  -6.32940864E-05   419.986084    
  -6.33378004E-05   419.565674    
  -6.33815143E-05   419.144287    
  -6.34252210E-05   418.721924    
  -6.34689350E-05   418.298584    
  -6.35126489E-05   417.874268    
  -6.35563556E-05   417.448975    
  -6.36000696E-05   417.022583    
  -6.36437762E-05   416.595581    
  -6.36874902E-05   416.167236    
  -6.37312041E-05   415.737915    
  -6.37749108E-05   415.307739    
  -6.38186248E-05   414.876709    
  -6.38623387E-05   414.444458    
  -6.39060527E-05   414.011353    
  -6.39497594E-05   413.577148    
  -6.39934733E-05   413.142090    
  -6.40371800E-05   412.705933    
  -6.40808939E-05   412.268921    
  -6.41246079E-05   411.830811    
  -6.41683146E-05   411.391724    
  -6.42120285E-05   410.951904    
  -6.42557425E-05   410.510742    
  -6.42994491E-05   410.068726    
  -6.43431631E-05   409.625732    
  -6.43868698E-05   409.182007    
  -6.44305837E-05   408.737061    
  -6.44742977E-05   408.291138    
  -6.45180044E-05   407.844238    
  -6.45617183E-05   407.396484    
  -6.46054323E-05   406.947510    
  -6.46491462E-05   406.497803    
  -6.46928529E-05   406.046875    
  -6.47365669E-05   405.595215    
  -6.47802735E-05   405.142334    
  -6.48239875E-05   404.688599    
  -6.48676942E-05   404.233887    
  -6.49114081E-05   403.778320    
  -6.49551221E-05   403.321655    
  -6.49988360E-05   402.863892    
  -6.50425500E-05   402.405151    
  -6.50862567E-05   401.945679    
  -6.51299706E-05   401.485107    
  -6.51736773E-05   401.023438    
  -6.52173912E-05   400.560913    
  -6.52610979E-05   400.097290    
  -6.53048119E-05   399.632812    
  -6.53485258E-05   399.167236    
  -6.53922398E-05   398.700806    
  -6.54359465E-05   398.233276    
  -6.54796604E-05   397.764893    
  -6.55233671E-05   397.295532    
  -6.55670810E-05   396.825073    
  -6.56107877E-05   396.353638    
  -6.56545017E-05   395.881348    
  -6.56982156E-05   395.407959    
  -6.57419296E-05   394.933594    
  -6.57856363E-05   394.458252    
  -6.58293502E-05   393.982056    
  -6.58730642E-05   393.504761    
  -6.59167708E-05   393.026367    
  -6.59604848E-05   392.547119    
  -6.60041915E-05   392.067139    
  -6.60479054E-05   391.585815    
  -6.60916194E-05   391.103638    
  -6.61353333E-05   390.620483    
  -6.61790400E-05   390.136475    
  -6.62227540E-05   389.651245    
  -6.62664679E-05   389.165161    
  -6.63101746E-05   388.677979    
  -6.63538885E-05   388.189941    
  -6.63975952E-05   387.701050    
  -6.64413092E-05   387.210938    
  -6.64850231E-05   386.719849    
  -6.65287298E-05   386.227905    
  -6.65724438E-05   385.735107    
  -6.66161577E-05   385.241089    
  -6.66598644E-05   384.746094    
  -6.67035783E-05   384.250244    
  -6.67472850E-05   383.753418    
  -6.67909990E-05   383.255493    
  -6.68347129E-05   382.756592    
  -6.68784196E-05   382.256836    
  -6.69221336E-05   381.755981    
  -6.69658475E-05   381.254150    
  -6.70095615E-05   380.751465    
  -6.70532681E-05   380.247681    
  -6.70969821E-05   379.742920    
  -6.71406888E-05   379.237305    
  -6.71844027E-05   378.730469    
  -6.72281167E-05   378.222778    
  -6.72718234E-05   377.714233    
  -6.73155373E-05   377.204590    
  -6.73592513E-05   376.693970    
  -6.74029579E-05   376.182373    
  -6.74466719E-05   375.669800    
  -6.74903786E-05   375.156250    
  -6.75340925E-05   374.641602    
  -6.75778065E-05   374.126221    
  -6.76215132E-05   373.609619    
  -6.76652271E-05   373.092163    
  -6.77089411E-05   372.573853    
  -6.77526550E-05   372.054321    
  -6.77963617E-05   371.533813    
  -6.78400756E-05   371.012451    
  -6.78837823E-05   370.490112    
  -6.79274963E-05   369.966675    
  -6.79712030E-05   369.442383    
  -6.80149169E-05   368.917236    
  -6.80586309E-05   368.390747    
  -6.81023448E-05   367.863403    
  -6.81460515E-05   367.335205    
  -6.81897654E-05   366.806030    
  -6.82334794E-05   366.275757    
  -6.82771861E-05   365.744629    
  -6.83209000E-05   365.212280    
  -6.83646067E-05   364.679321    
  -6.84083207E-05   364.145020    
  -6.84520346E-05   363.609985    
  -6.84957486E-05   363.073730    
  -6.85394552E-05   362.536621    
  -6.85831692E-05   361.998779    
  -6.86268759E-05   361.459595    
  -6.86705898E-05   360.919434    
  -6.87142965E-05   360.378418    
  -6.87580105E-05   359.836670    
  -6.88017244E-05   359.293579    
  -6.88454384E-05   358.749634    
  -6.88891450E-05   358.204712    
  -6.89328590E-05   357.658813    
  -6.89765729E-05   357.111816    
  -6.90202796E-05   356.563965    
  -6.90639936E-05   356.015137    
  -6.91077003E-05   355.465332    
  -6.91514142E-05   354.914429    
  -6.91951282E-05   354.362671    
  -6.92388348E-05   353.809937    
  -6.92825488E-05   353.256226    
  -6.93262627E-05   352.701416    
  -6.93699767E-05   352.145630    
  -6.94136834E-05   351.588867    
  -6.94573973E-05   351.031250    
  -6.95011040E-05   350.472656    
  -6.95448180E-05   349.912964    
  -6.95885319E-05   349.352417    
  -6.96322386E-05   348.790771    
  -6.96759525E-05   348.228149    
  -6.97196665E-05   347.664551    
  -6.97633732E-05   347.100098    
  -6.98070871E-05   346.534546    
  -6.98507938E-05   345.968018    
  -6.98945078E-05   345.400635    
  -6.99382217E-05   344.832031    
  -6.99819357E-05   344.262451    
  -7.00256496E-05   343.692139    
  -7.00693490E-05   343.120728    
  -7.01130630E-05   342.548462    
  -7.01567769E-05   341.974976    
  -7.02004909E-05   341.400757    
  -7.02441976E-05   340.825317    
  -7.02879115E-05   340.248901    
  -7.03316255E-05   339.671631    
  -7.03753394E-05   339.093262    
  -7.04190388E-05   338.514282    
  -7.04627528E-05   337.933960    
  -7.05064667E-05   337.352783    
  -7.05501807E-05   336.770630    
  -7.05938874E-05   336.187378    
  -7.06376013E-05   335.603271    
  -7.06813153E-05   335.017944    
  -7.07250292E-05   334.431885    
  -7.07687432E-05   333.844727    
  -7.08124426E-05   333.256836    
  -7.08561565E-05   332.667725    
  -7.08998705E-05   332.077515    
  -7.09435844E-05   331.486694    
  -7.09872911E-05   330.894653    
  -7.10310051E-05   330.301514    
  -7.10747190E-05   329.707642    
  -7.11184330E-05   329.112549    
  -7.11621324E-05   328.516846    
  -7.12058463E-05   327.919800    
  -7.12495603E-05   327.322021    
  -7.12932742E-05   326.723145    
  -7.13369882E-05   326.123291    
  -7.13806949E-05   325.522461    
  -7.14244088E-05   324.920532    
  -7.14681228E-05   324.317749    
  -7.15118294E-05   323.714111    
  -7.15555361E-05   323.109375    
  -7.15992501E-05   322.503540    
  -7.16429640E-05   321.896851    
  -7.16866780E-05   321.289185    
  -7.17303847E-05   320.680420    
  -7.17740986E-05   320.070801    
  -7.18178126E-05   319.460083    
  -7.18615265E-05   318.848389    
  -7.19052259E-05   318.236084    
  -7.19489399E-05   317.622314    
  -7.19926538E-05   317.007812    
  -7.20363678E-05   316.392334    
  -7.20800817E-05   315.775879    
  -7.21237884E-05   315.158325    
  -7.21675024E-05   314.539673    
  -7.22112163E-05   313.920288    
  -7.22549230E-05   313.299927    
  -7.22986297E-05   312.678589    
  -7.23423436E-05   312.056030    
  -7.23860576E-05   311.432861    
  -7.24297715E-05   310.808350    
  -7.24734855E-05   310.182983    
  -7.25171922E-05   309.556641    
  -7.25609061E-05   308.929321    
  -7.26046128E-05   308.301147    
  -7.26483267E-05   307.671875    
  -7.26920334E-05   307.041626    
  -7.27357474E-05   306.410400    
  -7.27794613E-05   305.778076    
  -7.28231753E-05   305.145020    
  -7.28668820E-05   304.510742    
  -7.29105959E-05   303.875610    
  -7.29543099E-05   303.239380    
  -7.29980165E-05   302.602539    
  -7.30417232E-05   301.964355    
  -7.30854372E-05   301.325195    
  -7.31291511E-05   300.685303    
  -7.31728651E-05   300.044189    
  -7.32165790E-05   299.402100    
  -7.32602857E-05   298.759033    
  -7.33039997E-05   298.114990    
  -7.33477063E-05   297.470215    
  -7.33914203E-05   296.824219    
  -7.34351270E-05   296.177368    
  -7.34788409E-05   295.529541    
  -7.35225549E-05   294.880493    
  -7.35662688E-05   294.230713    
  -7.36099755E-05   293.579834    
  -7.36536895E-05   292.927979    
  -7.36973961E-05   292.275269    
  -7.37411101E-05   291.621582    
  -7.37848168E-05   290.966675    
  -7.38285307E-05   290.310913    
  -7.38722447E-05   289.654297    
  -7.39159586E-05   288.996460    
  -7.39596726E-05   288.337891    
  -7.40033793E-05   287.678101    
  -7.40470932E-05   287.017334    
  -7.40907999E-05   286.355957    
  -7.41345139E-05   285.693237    
  -7.41782205E-05   285.029663    
  -7.42219345E-05   284.365112    
  -7.42656484E-05   283.699707    
  -7.43093624E-05   283.033081    
  -7.43530763E-05   282.365479    
  -7.43967830E-05   281.697021    
  -7.44404897E-05   281.027588    
  -7.44842037E-05   280.357178    
  -7.45279176E-05   279.685669    
  -7.45716243E-05   279.013428    
  -7.46153382E-05   278.339966    
  -7.46590522E-05   277.665405    
  -7.47027661E-05   276.990112    
  -7.47464728E-05   276.313721    
  -7.47901795E-05   275.636597    
  -7.48338934E-05   274.958252    
  -7.48776074E-05   274.278931    
  -7.49213141E-05   273.598755    
  -7.49650280E-05   272.917480    
  -7.50087420E-05   272.235229    
  -7.50524559E-05   271.552002    
  -7.50961699E-05   270.867798    
  -7.51398766E-05   270.182617    
  -7.51835832E-05   269.496704    
  -7.52272972E-05   268.809448    
  -7.52710112E-05   268.121216    
  -7.53147178E-05   267.432373    
  -7.53584318E-05   266.742188    
  -7.54021457E-05   266.051025    
  -7.54458597E-05   265.359009    
  -7.54895736E-05   264.665894    
  -7.55332730E-05   263.972168    
  -7.55769870E-05   263.277100    
  -7.56207010E-05   262.581177    
  -7.56644149E-05   261.884277    
  -7.57081216E-05   261.186279    
  -7.57518355E-05   260.487427    
  -7.57955495E-05   259.787476    
  -7.58392634E-05   259.086670    
  -7.58829628E-05   258.385010    
  -7.59266768E-05   257.682129    
  -7.59703908E-05   256.978271    
  -7.60141047E-05   256.273560    
  -7.60578114E-05   255.567871    
  -7.61015253E-05   254.860962    
  -7.61452393E-05   254.153320    
  -7.61889532E-05   253.444580    
  -7.62326672E-05   252.734741    
  -7.62763666E-05   252.024292    
  -7.63200806E-05   251.312622    
  -7.63637945E-05   250.600098    
  -7.64075085E-05   249.886475    
  -7.64512151E-05   249.171997    
  -7.64949291E-05   248.456299    
  -7.65386430E-05   247.739624    
  -7.65823570E-05   247.022217    
  -7.66260564E-05   246.303711    
  -7.66697704E-05   245.584351    
  -7.67134843E-05   244.863770    
  -7.67571983E-05   244.142456    
  -7.68009049E-05   243.419922    
  -7.68446189E-05   242.696533    
  -7.68883328E-05   241.972168    
  -7.69320468E-05   241.246704    
  -7.69757462E-05   240.520508    
  -7.70194602E-05   239.793091    
  -7.70631741E-05   239.064819    
  -7.71068881E-05   238.335571    
  -7.71506020E-05   237.605225    
  -7.71943087E-05   236.874023    
  -7.72380226E-05   236.141724    
  -7.72817366E-05   235.408569    
  -7.73254505E-05   234.674316    
  -7.73691499E-05   233.939331    
  -7.74128639E-05   233.203003    
  -7.74565779E-05   232.465820    
  -7.75002918E-05   231.727905    
  -7.75440058E-05   230.988647    
  -7.75877124E-05   230.248657    
  -7.76314264E-05   229.507568    
  -7.76751403E-05   228.765381    
  -7.77188470E-05   228.022583    
  -7.77625537E-05   227.278564    
  -7.78062677E-05   226.533569    
  -7.78499816E-05   225.787598    
  -7.78936956E-05   225.040649    
  -7.79374022E-05   224.292725    
  -7.79811162E-05   223.543701    
  -7.80248301E-05   222.793945    
  -7.80685368E-05   222.043091    
  -7.81122435E-05   221.291382    
  -7.81559575E-05   220.538452    
  -7.81996714E-05   219.784668    
  -7.82433854E-05   219.029907    
  -7.82870993E-05   218.274048    
  -7.83308060E-05   217.517334    
  -7.83745199E-05   216.759521    
  -7.84182339E-05   216.000732    
  -7.84619406E-05   215.241211    
  -7.85056473E-05   214.480469    
  -7.85493612E-05   213.718872    
  -7.85930752E-05   212.956299    
  -7.86367891E-05   212.192749    
  -7.86805031E-05   211.427979    
  -7.87242097E-05   210.662354    
  -7.87679237E-05   209.895874    
  -7.88116304E-05   209.128418    
  -7.88553371E-05   208.359985    
  -7.88990510E-05   207.590332    
  -7.89427650E-05   206.820068    
  -7.89864789E-05   206.048462    
  -7.90301929E-05   205.276001    
  -7.90738995E-05   204.502563    
  -7.91176135E-05   203.728149    
  -7.91613202E-05   202.953003    
  -7.92050341E-05   202.176514    
  -7.92487408E-05   201.399170    
  -7.92924548E-05   200.620972    
  -7.93361687E-05   199.841553    
  -7.93798827E-05   199.061279    
  -7.94235966E-05   198.279907    
  -7.94673033E-05   197.497803    
  -7.95110172E-05   196.714478    
  -7.95547239E-05   195.930420    
  -7.95984379E-05   195.145142    
  -7.96421446E-05   194.358887    
  -7.96858585E-05   193.571899    
  -7.97295725E-05   192.783691    
  -7.97732864E-05   191.994507    
  -7.98169931E-05   191.204468    
  -7.98607070E-05   190.413330    
  -7.99044137E-05   189.621460    
  -7.99481277E-05   188.828369    
  -7.99918344E-05   188.034424    
  -8.00355483E-05   187.239502    
  -8.00792623E-05   186.443359    
  -8.01229762E-05   185.646484    
  -8.01666902E-05   184.848511    
  -8.02103968E-05   184.049561    
  -8.02541035E-05   183.249756    
  -8.02978175E-05   182.448975    
  -8.03415314E-05   181.646973    
  -8.03852381E-05   180.844238    
  -8.04289521E-05   180.040405    
  -8.04726660E-05   179.235596    
  -8.05163800E-05   178.429810    
  -8.05600939E-05   177.622925    
  -8.06038006E-05   176.815186    
  -8.06475073E-05   176.006714    
  -8.06912212E-05   175.196899    
  -8.07349352E-05   174.386230    
  -8.07786419E-05   173.574585    
  -8.08223558E-05   172.761963    
  -8.08660698E-05   171.948242    
  -8.09097837E-05   171.133545    
  -8.09534904E-05   170.318115    
  -8.09971971E-05   169.501587    
  -8.10409110E-05   168.684082    
  -8.10846250E-05   167.865479    
  -8.11283317E-05   167.046143    
  -8.11720456E-05   166.225586    
  -8.12157596E-05   165.404053    
  -8.12594735E-05   164.581543    
  -8.13031875E-05   163.758057    
  -8.13468869E-05   162.933960    
  -8.13906008E-05   162.108398    
  -8.14343148E-05   161.282104    
  -8.14780287E-05   160.454712    
  -8.15217354E-05   159.626343    
  -8.15654494E-05   158.797119    
  -8.16091633E-05   157.966675    
  -8.16528773E-05   157.135498    
  -8.16965839E-05   156.303101    
  -8.17402906E-05   155.470093    
  -8.17840046E-05   154.635864    
  -8.18277185E-05   153.800537    
  -8.18714252E-05   152.964478    
  -8.19151392E-05   152.127319    
  -8.19588531E-05   151.289185    
  -8.20025671E-05   150.449951    
  -8.20462810E-05   149.609741    
  -8.20899804E-05   148.768921    
  -8.21336944E-05   147.926758    
  -8.21774083E-05   147.083740    
  -8.22211223E-05   146.239746    
  -8.22648290E-05   145.394653    
  -8.23085429E-05   144.548706    
  -8.23522569E-05   143.701660    
  -8.23959708E-05   142.853760    
  -8.24396702E-05   142.005005    
  -8.24833842E-05   141.155151    
  -8.25270981E-05   140.304199    
  -8.25708121E-05   139.452271    
  -8.26145260E-05   138.599487    
  -8.26582327E-05   137.745605    
  -8.27019467E-05   136.890869    
  -8.27456606E-05   136.034912    
  -8.27893673E-05   135.178467    
  -8.28330740E-05   134.320557    
  -8.28767879E-05   133.461792    
  -8.29205019E-05   132.602051    
  -8.29642158E-05   131.741455    
  -8.30079225E-05   130.879761    
  -8.30516365E-05   130.017090    
  -8.30953504E-05   129.153320    
  -8.31390644E-05   128.288696    
  -8.31827638E-05   127.423218    
  -8.32264777E-05   126.556763    
  -8.32701917E-05   125.689087    
  -8.33139056E-05   124.820679    
  -8.33576196E-05   123.951050    
  -8.34013263E-05   123.080566    
  -8.34450402E-05   122.209106    
  -8.34887542E-05   121.336548    
  -8.35324608E-05   120.463379    
  -8.35761675E-05   119.588867    
  -8.36198815E-05   118.713501    
  -8.36635954E-05   117.837158    
  -8.37073094E-05   116.959595    
  -8.37510233E-05   116.081299    
  -8.37947300E-05   115.201904    
  -8.38384440E-05   114.321655    
  -8.38821506E-05   113.440552    
  -8.39258646E-05   112.558228    
  -8.39695713E-05   111.674927    
  -8.40132852E-05   110.790649    
  -8.40569992E-05   109.905640    
  -8.41007131E-05   109.019287    
  -8.41444198E-05   108.132080    
  -8.41881338E-05   107.243896    
  -8.42318477E-05   106.354736    
  -8.42755544E-05   105.464844    
  -8.43192611E-05   104.573608    
  -8.43629750E-05   103.681641    
  -8.44066890E-05   102.788574    
  -8.44504029E-05   101.894531    
  -8.44941169E-05   100.999512    
  -8.45378236E-05   100.103394    
  -8.45815375E-05   99.2065430    
  -8.46252442E-05   98.3087158    
  -8.46689582E-05   97.4097900    
  -8.47126648E-05   96.5097656    
  -8.47563788E-05   95.6088867    
  -8.48000927E-05   94.7070312    
  -8.48438067E-05   93.8040771    
  -8.48875134E-05   92.9002686    
  -8.49312273E-05   91.9953613    
  -8.49749340E-05   91.0898438    
  -8.50186480E-05   90.1829834    
  -8.50623546E-05   89.2751465    
  -8.51060686E-05   88.3664551    
  -8.51497825E-05   87.4567871    
  -8.51934965E-05   86.5460205    
  -8.52372104E-05   85.6342773    
  -8.52809171E-05   84.7215576    
  -8.53246311E-05   83.8079834    
  -8.53683377E-05   82.8934326    
  -8.54120517E-05   81.9779053    
  -8.54557584E-05   81.0611572    
  -8.54994723E-05   80.1437988    
  -8.55431863E-05   79.2250977    
  -8.55869002E-05   78.3055420    
  -8.56306142E-05   77.3850098    
  -8.56743209E-05   76.4635010    
  -8.57180275E-05   75.5412598    
  -8.57617415E-05   74.6176758    
  -8.58054555E-05   73.6933594    
  -8.58491621E-05   72.7679443    
  -8.58928761E-05   71.8414307    
  -8.59365900E-05   70.9141846    
  -8.59803040E-05   69.9857178    
  -8.60240107E-05   69.0563965    
  -8.60677173E-05   68.1262207    
  -8.61114313E-05   67.1949463    
  -8.61551453E-05   66.2625732    
  -8.61988519E-05   65.3292236    
  -8.62425659E-05   64.3951416    
  -8.62862798E-05   63.4598389    
  -8.63299938E-05   62.5236816    
  -8.63737077E-05   61.5864258    
  -8.64174144E-05   60.6481934    
  -8.64611211E-05   59.7092285    
  -8.65048351E-05   58.7690430    
  -8.65485490E-05   57.8280029    
  -8.65922557E-05   56.8859863    
  -8.66359696E-05   55.9427490    
  -8.66796836E-05   54.9987793    
  -8.67233975E-05   54.0537109    
  -8.67671115E-05   53.1076660    
  -8.68108109E-05   52.1608887    
  -8.68545249E-05   51.2128906    
  -8.68982388E-05   50.2639160    
  -8.69419528E-05   49.3139648    
  -8.69856594E-05   48.3631592    
  -8.70293734E-05   47.4111328    
  -8.70730873E-05   46.4582520    
  -8.71168013E-05   45.5043945    
  -8.71605007E-05   44.5498047    
  -8.72042147E-05   43.5938721    
  -8.72479286E-05   42.6369629    
  -8.72916426E-05   41.6793213    
  -8.73353492E-05   40.7205811    
  -8.73790632E-05   39.7608643    
  -8.74227771E-05   38.8000488    
  -8.74664911E-05   37.8382568    
  -8.75102050E-05   36.8756104    
  -8.75539045E-05   35.9121094    
  -8.75976184E-05   34.9475098    
  -8.76413324E-05   33.9818115    
  -8.76850463E-05   33.0153809    
  -8.77287530E-05   32.0477295    
  -8.77724669E-05   31.0789795    
  -8.78161809E-05   30.1094971    
  -8.78598948E-05   29.1389160    
  -8.79035942E-05   28.1677246    
  -8.79473082E-05   27.1950684    
  -8.79910222E-05   26.2216797    
  -8.80347361E-05   25.2473145    
  -8.80784428E-05   24.2717285    
  -8.81221567E-05   23.2954102    
  -8.81658707E-05   22.3178711    
  -8.82095846E-05   21.3395996    
  -8.82532840E-05   20.3603516    
  -8.82969980E-05   19.3801270    
  -8.83407120E-05   18.3986816    
  -8.83844259E-05   17.4162598    
  -8.84281399E-05   16.4332275    
  -8.84718465E-05   15.4488525    
  -8.85155605E-05   14.4635010    
  -8.85592744E-05   13.4774170    
  -8.86029884E-05   12.4901123    
  -8.86466878E-05   11.5021973    
  -8.86904018E-05   10.5129395    
  -8.87341157E-05   9.52282715    
  -8.87778297E-05   8.53173828    
  -8.88215436E-05   7.53955078    
  -8.88652503E-05   6.54650879    
  -8.89089642E-05   5.55236816    
  -8.89526782E-05   4.55737305    
  -8.89963849E-05   3.56152344    
  -8.90400916E-05   2.56457520    
  -8.90838055E-05   1.56652832    
  -8.91275195E-05  0.567504883    
  -8.91712334E-05 -0.432373047    
