  0.499999940      0.865535140    
  0.999999881       1.73008966    
   1.49999988       2.59366369    
   1.99999976       3.45625710    
   2.49999976       4.31786966    
   2.99999976       5.17850208    
   3.49999976       6.03815365    
   3.99999952       6.89682436    
   4.49999952       7.75451469    
   4.99999952       8.61122417    
   5.49999952       9.46695423    
   5.99999952       10.3217020    
   6.49999905       11.1754694    
   6.99999952       12.0282574    
   7.49999905       12.8800640    
   7.99999905       13.7308903    
   8.49999905       14.5807362    
   8.99999905       15.4296007    
   9.49999905       16.2774849    
   9.99999905       17.1243896    
   10.4999990       17.9703121    
   10.9999990       18.8152561    
   11.4999990       19.6592159    
   11.9999990       20.5021973    
   12.4999990       21.3442001    
   12.9999981       22.1852188    
   13.4999981       23.0252571    
   13.9999990       23.8643169    
   14.4999981       24.7023964    
   14.9999981       25.5394917    
   15.4999990       26.3756123    
   15.9999981       27.2107468    
   16.4999981       28.0449009    
   16.9999981       28.8780785    
   17.4999981       29.7102718    
   17.9999981       30.5414867    
   18.4999981       31.3717213    
   18.9999981       32.2009735    
   19.4999981       33.0292435    
   19.9999981       33.8565369    
   20.4999981       34.6828461    
   20.9999981       35.5081787    
   21.4999981       36.3325310    
   21.9999981       37.1558990    
   22.4999981       37.9782867    
   22.9999981       38.7996941    
   23.4999981       39.6201248    
   23.9999981       40.4395714    
   24.4999962       41.2580338    
   24.9999981       42.0755234    
   25.4999981       42.8920288    
   25.9999962       43.7075500    
   26.4999962       44.5220947    
   26.9999962       45.3356590    
   27.4999981       46.1482430    
   27.9999981       46.9598427    
   28.4999981       47.7704659    
   28.9999962       48.5801086    
   29.4999962       49.3887672    
   29.9999962       50.1964455    
   30.4999981       51.0031509    
   30.9999981       51.8088684    
   31.4999981       52.6136055    
   31.9999962       53.4173584    
   32.4999962       54.2201347    
   32.9999962       55.0219307    
   33.4999962       55.8227463    
   33.9999962       56.6225853    
   34.4999962       57.4214363    
   34.9999962       58.2193108    
   35.4999962       59.0162010    
   35.9999962       59.8121185    
   36.4999962       60.6070480    
   36.9999962       61.4010010    
   37.4999962       62.1939735    
   37.9999962       62.9859581    
   38.4999962       63.7769699    
   38.9999962       64.5669937    
   39.4999962       65.3560486    
   39.9999962       66.1441193    
   40.4999962       66.9312057    
   40.9999962       67.7173080    
   41.4999962       68.5024338    
   41.9999962       69.2865829    
   42.4999962       70.0697403    
   42.9999962       70.8519287    
   43.4999962       71.6331329    
   43.9999962       72.4133606    
   44.4999962       73.1925964    
   44.9999962       73.9708633    
   45.4999962       74.7481384    
   45.9999962       75.5244370    
   46.4999962       76.2997589    
   46.9999962       77.0741043    
   47.4999962       77.8474579    
   47.9999962       78.6198425    
   48.4999962       79.3912354    
   48.9999924       80.1616516    
   49.4999924       80.9310913    
   49.9999962       81.6995468    
   50.4999962       82.4670258    
   50.9999962       83.2335129    
   51.4999962       83.9990311    
   51.9999924       84.7635574    
   52.4999924       85.5271149    
   52.9999924       86.2896805    
   53.4999924       87.0512772    
   53.9999924       87.8118896    
   54.4999962       88.5715256    
   54.9999962       89.3301697    
   55.4999962       90.0878448    
   55.9999962       90.8445282    
   56.4999962       91.6002350    
   56.9999962       92.3549576    
   57.4999962       93.1087112    
   57.9999924       93.8614807    
   58.4999924       94.6132584    
   58.9999924       95.3640671    
   59.4999924       96.1138840    
   59.9999924       96.8627319    
   60.4999924       97.6105957    
   60.9999962       98.3574905    
   61.4999962       99.1033859    
   61.9999962       99.8483124    
   62.4999962       100.592247    
   62.9999962       101.335205    
   63.4999924       102.077179    
   63.9999924       102.818184    
   64.4999924       103.558205    
   64.9999924       104.297234    
   65.4999924       105.035294    
   65.9999924       105.772369    
   66.4999924       106.508469    
   66.9999924       107.243576    
   67.4999924       107.977722    
   67.9999924       108.710876    
   68.4999924       109.443054    
   68.9999924       110.174240    
   69.4999924       110.904457    
   69.9999924       111.633682    
   70.4999924       112.361938    
   70.9999924       113.089203    
   71.4999924       113.815491    
   71.9999924       114.540802    
   72.4999924       115.265129    
   72.9999924       115.988480    
   73.4999924       116.710838    
   73.9999924       117.432236    
   74.4999924       118.152649    
   74.9999924       118.872070    
   75.4999924       119.590523    
   75.9999924       120.307976    
   76.4999924       121.024460    
   76.9999924       121.739967    
   77.4999924       122.454491    
   77.9999924       123.168022    
   78.4999924       123.880585    
   78.9999924       124.592171    
   79.4999924       125.302773    
   79.9999924       126.012390    
   80.4999924       126.721031    
   80.9999924       127.428696    
   81.4999924       128.135376    
   81.9999924       128.841064    
   82.4999924       129.545776    
   82.9999924       130.249512    
   83.4999924       130.952271    
   83.9999924       131.654053    
   84.4999924       132.354828    
   84.9999924       133.054657    
   85.4999924       133.753479    
   85.9999924       134.451340    
   86.4999924       135.148209    
   86.9999924       135.844116    
   87.4999924       136.539017    
   87.9999924       137.232956    
   88.4999924       137.925888    
   88.9999924       138.617859    
   89.4999924       139.308853    
   89.9999924       139.998871    
   90.4999924       140.687897    
   90.9999924       141.375931    
   91.4999924       142.062988    
   91.9999924       142.749084    
   92.4999847       143.434189    
   92.9999924       144.118317    
   93.4999924       144.801468    
   93.9999924       145.483627    
   94.4999924       146.164810    
   94.9999924       146.845001    
   95.4999924       147.524231    
   95.9999924       148.202469    
   96.4999924       148.879730    
   96.9999924       149.556015    
   97.4999924       150.231293    
   97.9999847       150.905624    
   98.4999847       151.578964    
   98.9999847       152.251312    
   99.4999924       152.922699    
   99.9999924       153.593094    
   100.499992       154.262512    
   100.999992       154.930954    
   101.499992       155.598389    
   101.999992       156.264862    
   102.499992       156.930359    
   102.999992       157.594879    
   103.499992       158.258408    
   103.999985       158.920944    
   104.499985       159.582520    
   104.999985       160.243118    
   105.499985       160.902725    
   105.999985       161.561340    
   106.499985       162.218994    
   106.999985       162.875656    
   107.499985       163.531357    
   107.999985       164.186066    
   108.499985       164.839767    
   108.999992       165.492538    
   109.499992       166.144302    
   109.999992       166.795090    
   110.499992       167.444885    
   110.999992       168.093719    
   111.499992       168.741562    
   111.999992       169.388412    
   112.499992       170.034286    
   112.999992       170.679199    
   113.499992       171.323120    
   113.999992       171.966034    
   114.499992       172.608002    
   114.999992       173.248978    
   115.499985       173.888977    
   115.999985       174.528000    
   116.499985       175.166031    
   116.999985       175.803085    
   117.499985       176.439163    
   117.999985       177.074265    
   118.499985       177.708374    
   118.999985       178.341492    
   119.499985       178.973648    
   119.999985       179.604828    
   120.499985       180.235016    
   120.999985       180.864227    
   121.499985       181.492447    
   121.999992       182.119720    
   122.499992       182.745987    
   122.999992       183.371277    
   123.499992       183.995575    
   123.999992       184.618912    
   124.499992       185.241241    
   124.999992       185.862610    
   125.499992       186.483002    
   125.999992       187.102417    
   126.499992       187.720840    
   126.999985       188.338257    
   127.499985       188.954727    
   127.999985       189.570221    
   128.499985       190.184723    
   128.999985       190.798248    
   129.499985       191.410767    
   129.999985       192.022339    
   130.499985       192.632919    
   130.999985       193.242523    
   131.499985       193.851135    
   131.999985       194.458771    
   132.499985       195.065430    
   132.999985       195.671097    
   133.499985       196.275803    
   133.999985       196.879501    
   134.500000       197.482269    
   134.999985       198.084000    
   135.499985       198.684784    
   135.999985       199.284576    
   136.499985       199.883392    
   136.999985       200.481232    
   137.499985       201.078064    
   137.999985       201.673935    
   138.499985       202.268829    
   138.999985       202.862732    
   139.499985       203.455658    
   139.999985       204.047607    
   140.499985       204.638580    
   140.999985       205.228561    
   141.499985       205.817566    
   141.999985       206.405579    
   142.499985       206.992630    
   142.999985       207.578705    
   143.499985       208.163788    
   143.999985       208.747894    
   144.499985       209.330994    
   144.999985       209.913147    
   145.499985       210.494308    
   145.999985       211.074493    
   146.499985       211.653687    
   146.999985       212.231903    
   147.499985       212.809174    
   147.999985       213.385406    
   148.499985       213.960693    
   148.999985       214.534988    
   149.499985       215.108307    
   149.999985       215.680649    
   150.499985       216.252014    
   150.999985       216.822388    
   151.499985       217.391754    
   151.999985       217.960159    
   152.499985       218.527603    
   152.999985       219.094055    
   153.499985       219.659531    
   153.999985       220.224030    
   154.499985       220.787537    
   154.999985       221.350067    
   155.499985       221.911621    
   155.999985       222.472168    
   156.499985       223.031754    
   156.999985       223.590363    
   157.499985       224.147995    
   157.999985       224.704651    
   158.499985       225.260315    
   158.999985       225.815002    
   159.499985       226.368713    
   159.999985       226.921432    
   160.499985       227.473175    
   160.999985       228.023926    
   161.499985       228.573715    
   161.999985       229.122528    
   162.499985       229.670349    
   162.999985       230.217194    
   163.499985       230.763046    
   163.999985       231.307907    
   164.499985       231.851807    
   164.999985       232.394730    
   165.499985       232.936661    
   165.999985       233.477631    
   166.499985       234.017593    
   166.999985       234.556610    
   167.499985       235.094620    
   167.999985       235.631653    
   168.499985       236.167709    
   168.999985       236.702759    
   169.499985       237.236847    
   169.999985       237.769958    
   170.499985       238.302094    
   170.999985       238.833252    
   171.499985       239.363419    
   171.999985       239.892624    
   172.499985       240.420837    
   172.999985       240.948059    
   173.499985       241.474304    
   173.999985       241.999573    
   174.499985       242.523865    
   174.999985       243.047165    
   175.499985       243.569489    
   175.999985       244.090851    
   176.499985       244.611206    
   176.999985       245.130569    
   177.499985       245.648972    
   177.999985       246.166397    
   178.499985       246.682831    
   178.999985       247.198303    
   179.499985       247.712799    
   179.999985       248.226288    
   180.499985       248.738815    
   180.999985       249.250351    
   181.499985       249.760910    
   181.999985       250.270477    
   182.499985       250.779068    
   182.999985       251.286682    
   183.499985       251.793320    
   183.999985       252.298981    
   184.499969       252.803650    
   184.999969       253.307343    
   185.499969       253.810059    
   185.999985       254.311798    
   186.499985       254.812561    
   186.999985       255.312317    
   187.499985       255.811127    
   187.999985       256.308929    
   188.499985       256.805756    
   188.999985       257.301605    
   189.499985       257.796478    
   189.999985       258.290344    
   190.499985       258.783264    
   190.999985       259.275177    
   191.499985       259.766113    
   191.999985       260.256104    
   192.499985       260.745087    
   192.999985       261.233093    
   193.499985       261.720123    
   193.999985       262.206177    
   194.499985       262.691223    
   194.999985       263.175293    
   195.499985       263.658386    
   195.999969       264.140503    
   196.499969       264.621643    
   196.999969       265.101807    
   197.499969       265.580994    
   197.999969       266.059204    
   198.499985       266.536407    
   198.999985       267.012665    
   199.499985       267.487915    
   199.999985       267.962189    
   200.499969       268.435486    
   200.999985       268.907806    
   201.499969       269.379120    
   201.999985       269.849487    
   202.499969       270.318848    
   202.999985       270.787231    
   203.499969       271.254669    
   203.999985       271.721069    
   204.499969       272.186523    
   204.999985       272.651001    
   205.499985       273.114502    
   205.999985       273.577026    
   206.499985       274.038544    
   206.999985       274.499084    
   207.499985       274.958649    
   207.999969       275.417236    
   208.499985       275.874847    
   208.999969       276.331451    
   209.499985       276.787109    
   209.999969       277.241760    
   210.499985       277.695435    
   210.999969       278.148163    
   211.499985       278.599884    
   211.999969       279.050598    
   212.499985       279.500397    
   212.999969       279.949158    
   213.499985       280.396973    
   213.999969       280.843781    
   214.499985       281.289642    
   214.999969       281.734497    
   215.499985       282.178345    
   215.999969       282.621246    
   216.499985       283.063171    
   216.999969       283.504089    
   217.499985       283.944061    
   217.999985       284.383057    
   218.499985       284.821045    
   218.999985       285.258057    
   219.499969       285.694092    
   219.999985       286.129120    
   220.499969       286.563171    
   220.999985       286.996307    
   221.499969       287.428375    
   221.999985       287.859558    
   222.499969       288.289673    
   222.999985       288.718872    
   223.499969       289.147034    
   223.999985       289.574219    
   224.499969       290.000458    
   224.999985       290.425720    
   225.499969       290.849976    
   225.999985       291.273254    
   226.499969       291.695557    
   226.999985       292.116882    
   227.499969       292.537231    
   227.999985       292.956573    
   228.499969       293.374969    
   228.999985       293.792358    
   229.499969       294.208801    
   229.999985       294.624237    
   230.499985       295.038696    
   230.999969       295.452179    
   231.499985       295.864685    
   231.999969       296.276184    
   232.499985       296.686707    
   232.999969       297.096252    
   233.499985       297.504883    
   233.999969       297.912445    
   234.499985       298.319092    
   234.999969       298.724701    
   235.499985       299.129364    
   235.999969       299.533020    
   236.499985       299.935730    
   236.999969       300.337433    
   237.499985       300.738159    
   237.999969       301.137878    
   238.499985       301.536682    
   238.999969       301.934448    
   239.499985       302.331299    
   239.999969       302.727112    
   240.499985       303.121948    
   240.999969       303.515808    
   241.499985       303.908691    
   241.999969       304.300598    
   242.499969       304.691528    
   242.999969       305.081451    
   243.499969       305.470459    
   243.999985       305.858459    
   244.499969       306.245422    
   244.999985       306.631439    
   245.499969       307.016510    
   245.999985       307.400574    
   246.499969       307.783630    
   246.999985       308.165741    
   247.499969       308.546844    
   247.999985       308.927002    
   248.499969       309.306152    
   248.999985       309.684326    
   249.499969       310.061523    
   249.999985       310.437744    
   250.499969       310.812958    
   250.999985       311.187225    
   251.499969       311.560486    
   251.999985       311.932800    
   252.499969       312.304108    
   252.999985       312.674438    
   253.499969       313.043793    
   253.999969       313.412140    
   254.499969       313.779541    
   254.999969       314.145935    
   255.499969       314.511353    
   255.999969       314.875854    
   256.500000       315.239319    
   256.999969       315.601807    
   257.500000       315.963287    
   257.999969       316.323853    
   258.499969       316.683380    
   258.999969       317.041931    
   259.499969       317.399536    
   259.999969       317.756104    
   260.499969       318.111755    
   260.999969       318.466370    
   261.499969       318.820068    
   261.999969       319.172729    
   262.499969       319.524414    
   262.999969       319.875183    
   263.499969       320.224884    
   263.999969       320.573639    
   264.499969       320.921448    
   264.999969       321.268219    
   265.499969       321.614075    
   265.999969       321.958862    
   266.499969       322.302734    
   266.999969       322.645630    
   267.499969       322.987488    
   267.999969       323.328400    
   268.499969       323.668335    
   269.000000       324.007324    
   269.499969       324.345276    
   269.999969       324.682251    
   270.499969       325.018311    
   270.999969       325.353333    
   271.499969       325.687347    
   271.999969       326.020447    
   272.499969       326.352509    
   272.999969       326.683655    
   273.499969       327.013733    
   273.999969       327.342926    
   274.499969       327.671082    
   274.999969       327.998230    
   275.499969       328.324463    
   275.999969       328.649658    
   276.499969       328.973907    
   276.999969       329.297180    
   277.499969       329.619476    
   277.999969       329.940796    
   278.499969       330.261108    
   278.999969       330.580444    
   279.499969       330.898804    
   279.999969       331.216187    
   280.499969       331.532593    
   280.999969       331.847992    
   281.499969       332.162415    
   281.999969       332.475891    
   282.499969       332.788361    
   282.999969       333.099854    
   283.499969       333.410400    
   283.999969       333.719910    
   284.499969       334.028473    
   284.999969       334.336060    
   285.499969       334.642639    
   285.999969       334.948242    
   286.499969       335.252899    
   286.999969       335.556519    
   287.499969       335.859192    
   287.999969       336.160889    
   288.499969       336.461609    
   288.999969       336.761322    
   289.499969       337.060089    
   289.999969       337.357849    
   290.499969       337.654663    
   290.999969       337.950439    
   291.499969       338.245300    
   291.999969       338.539124    
   292.499969       338.831970    
   292.999969       339.123871    
   293.499969       339.414764    
   293.999969       339.704651    
   294.499969       339.993652    
   294.999969       340.281616    
   295.499969       340.568604    
   295.999969       340.854584    
   296.499969       341.139587    
   296.999969       341.423645    
   297.499969       341.706726    
   297.999969       341.988770    
   298.499969       342.269897    
   298.999969       342.549988    
   299.499969       342.829102    
   299.999969       343.107300    
   300.499969       343.384430    
   300.999969       343.660675    
   301.499969       343.935852    
   301.999969       344.210144    
   302.499969       344.483337    
   302.999969       344.755615    
   303.499969       345.026917    
   303.999969       345.297180    
   304.499969       345.566559    
   304.999969       345.834900    
   305.499969       346.102295    
   305.999969       346.368652    
   306.499969       346.634094    
   306.999969       346.898499    
   307.499969       347.161926    
   307.999969       347.424438    
   308.499969       347.685913    
   308.999969       347.946411    
   309.499969       348.205933    
   309.999969       348.464478    
   310.499969       348.722046    
   310.999969       348.978638    
   311.499969       349.234253    
   311.999969       349.488800    
   312.499969       349.742493    
   312.999969       349.995117    
   313.499969       350.246826    
   313.999969       350.497498    
   314.499969       350.747253    
   314.999969       350.995972    
   315.499969       351.243713    
   315.999969       351.490509    
   316.499969       351.736267    
   316.999969       351.981110    
   317.499969       352.224945    
   317.999969       352.467834    
   318.499969       352.709656    
   318.999969       352.950592    
   319.499969       353.190491    
   319.999969       353.429443    
   320.499969       353.667358    
   320.999969       353.904358    
   321.499969       354.140320    
   321.999969       354.375336    
   322.499969       354.609375    
   322.999969       354.842407    
   323.499969       355.074524    
   323.999969       355.305603    
   324.499969       355.535706    
   324.999969       355.764832    
   325.499969       355.992920    
   325.999969       356.220154    
   326.499969       356.446289    
   326.999969       356.671509    
   327.499969       356.895721    
   327.999969       357.118958    
   328.499969       357.341217    
   328.999969       357.562500    
   329.499969       357.782806    
   329.999969       358.002136    
   330.499969       358.220459    
   330.999969       358.437805    
   331.499969       358.654236    
   331.999969       358.869598    
   332.499969       359.084045    
   332.999969       359.297424    
   333.499969       359.509888    
   333.999969       359.721405    
   334.499969       359.931885    
   334.999969       360.141418    
   335.499969       360.349945    
   335.999969       360.557495    
   336.499969       360.764069    
   336.999969       360.969666    
   337.499969       361.174255    
   337.999969       361.377838    
   338.499969       361.580566    
   338.999969       361.782196    
   339.499969       361.982910    
   339.999969       362.182587    
   340.499969       362.381348    
   340.999969       362.579071    
   341.499969       362.775818    
   341.999969       362.971619    
   342.499969       363.166412    
   342.999969       363.360229    
   343.499969       363.553101    
   343.999969       363.744995    
   344.499969       363.935852    
   344.999969       364.125763    
   345.499969       364.314636    
   345.999969       364.502594    
   346.499969       364.689575    
   346.999969       364.875549    
   347.499969       365.060547    
   347.999969       365.244568    
   348.499969       365.427612    
   348.999969       365.609680    
   349.499969       365.790771    
   349.999969       365.970825    
   350.499969       366.149902    
   350.999969       366.328094    
   351.499969       366.505219    
   351.999969       366.681427    
   352.499969       366.856567    
   352.999969       367.030853    
   353.499969       367.204041    
   353.999969       367.376282    
   354.499969       367.547546    
   354.999969       367.717834    
   355.499969       367.887146    
   355.999969       368.055481    
   356.499969       368.222839    
   356.999969       368.389191    
   357.499939       368.554626    
   357.999969       368.718994    
   358.499969       368.882385    
   358.999969       369.044891    
   359.499969       369.206299    
   359.999969       369.366821    
   360.499969       369.526337    
   360.999969       369.684875    
   361.499969       369.842407    
   361.999969       369.998962    
   362.499969       370.154541    
   362.999969       370.309143    
   363.499969       370.462769    
   363.999969       370.615387    
   364.499969       370.767059    
   364.999969       370.917725    
   365.499969       371.067474    
   365.999969       371.216125    
   366.499969       371.363861    
   366.999969       371.510620    
   367.499969       371.656372    
   367.999969       371.801178    
   368.499969       371.945007    
   368.999939       372.087860    
   369.499969       372.229675    
   369.999939       372.370575    
   370.499969       372.510437    
   370.999939       372.649384    
   371.499969       372.787323    
   371.999969       372.924225    
   372.499969       373.060242    
   372.999969       373.195221    
   373.499969       373.329224    
   373.999969       373.462250    
   374.499969       373.594299    
   374.999969       373.725372    
   375.499969       373.855469    
   375.999969       373.984558    
   376.499969       374.112640    
   376.999969       374.239807    
   377.499969       374.365967    
   377.999969       374.491180    
   378.499969       374.615356    
   378.999969       374.738617    
   379.499969       374.860809    
   379.999969       374.982056    
   380.499939       375.102356    
   380.999969       375.221649    
   381.499939       375.339996    
   381.999969       375.457306    
   382.499939       375.573700    
   382.999969       375.689026    
   383.499939       375.803467    
   383.999969       375.916870    
   384.499969       376.029266    
   384.999969       376.140747    
   385.499969       376.251221    
   385.999969       376.360718    
   386.499969       376.469238    
   386.999969       376.576752    
   387.499969       376.683319    
   387.999969       376.788879    
   388.499969       376.893463    
   388.999969       376.997070    
   389.499969       377.099701    
   389.999969       377.201324    
   390.499969       377.302063    
   390.999969       377.401703    
   391.499969       377.500458    
   391.999939       377.598114    
   392.499969       377.694855    
   392.999939       377.790619    
   393.499969       377.885406    
   393.999939       377.979248    
   394.499969       378.072021    
   394.999939       378.163910    
   395.499969       378.254730    
   395.999939       378.344666    
   396.499969       378.433533    
   396.999969       378.521423    
   397.499969       378.608398    
   397.999969       378.694366    
   398.499969       378.779327    
   398.999969       378.863342    
   399.499969       378.946350    
   399.999969       379.028381    
   400.499969       379.109436    
   400.999939       379.189514    
   401.499969       379.268646    
   401.999969       379.346710    
   402.499969       379.423828    
   402.999939       379.500000    
   403.499939       379.575165    
   403.999969       379.649414    
   404.499969       379.722595    
   404.999939       379.794830    
   405.499939       379.866028    
   405.999969       379.936310    
   406.499969       380.005646    
   406.999939       380.073944    
   407.499939       380.141266    
   407.999969       380.207581    
   408.499969       380.272919    
   408.999939       380.337311    
   409.499939       380.400757    
   409.999969       380.463165    
   410.499969       380.524597    
   410.999969       380.585083    
   411.499939       380.644501    
   411.999969       380.703064    
   412.499969       380.760590    
   412.999969       380.817108    
   413.499939       380.872681    
   413.999969       380.927307    
   414.499969       380.980865    
   414.999969       381.033478    
   415.499939       381.085114    
   415.999939       381.135742    
   416.499969       381.185486    
   416.999969       381.234161    
   417.499939       381.281891    
   417.999939       381.328583    
   418.499969       381.374329    
   418.999969       381.419128    
   419.499939       381.462921    
   419.999939       381.505737    
   420.499969       381.547516    
   420.999969       381.588379    
   421.499939       381.628235    
   421.999939       381.667175    
   422.499969       381.705078    
   422.999969       381.742004    
   423.499969       381.777954    
   423.999939       381.812866    
   424.499969       381.846893    
   424.999969       381.879913    
   425.499969       381.911926    
   425.999939       381.942963    
   426.499939       381.973083    
   426.999969       382.002106    
   427.499969       382.030212    
   427.999939       382.057343    
   428.499939       382.083466    
   428.999969       382.108673    
   429.499969       382.132843    
   429.999939       382.156067    
   430.499939       382.178223    
   430.999969       382.199463    
   431.499969       382.219757    
   431.999939       382.239044    
   432.499939       382.257324    
   432.999969       382.274597    
   433.499969       382.290985    
   433.999939       382.306305    
   434.499939       382.320709    
   434.999969       382.334106    
   435.499969       382.346497    
   435.999969       382.357941    
   436.499939       382.368408    
   436.999969       382.377869    
   437.499969       382.386353    
   437.999969       382.393860    
   438.499939       382.400391    
   438.999939       382.405975    
   439.499969       382.410522    
   439.999969       382.414093    
   440.499939       382.416687    
   440.999939       382.418304    
   441.499969       382.419006    
   441.999969       382.418671    
   442.499939       382.417358    
   442.999939       382.415009    
   443.499969       382.411713    
   443.999969       382.407532    
   444.499939       382.402283    
   444.999939       382.396057    
   445.499969       382.388824    
   445.999969       382.380676    
   446.499939       382.371460    
   446.999939       382.361389    
   447.499969       382.350250    
   447.999969       382.338135    
   448.499969       382.325073    
   448.999939       382.311005    
   449.499969       382.295959    
   449.999969       382.279907    
   450.499969       382.262909    
   450.999939       382.244934    
   451.499939       382.226013    
   451.999969       382.206024    
   452.499969       382.185089    
   452.999939       382.163177    
   453.499939       382.140289    
   453.999969       382.116455    
   454.499969       382.091614    
   454.999939       382.065765    
   455.499939       382.038910    
   455.999969       382.011108    
   456.499969       381.982391    
   456.999939       381.952637    
   457.499939       381.921906    
   457.999969       381.890137    
   458.499969       381.857513    
   458.999939       381.823822    
   459.499939       381.789154    
   459.999969       381.753510    
   460.499969       381.716888    
   460.999969       381.679321    
   461.499939       381.640747    
   461.999939       381.601166    
   462.499969       381.560608    
   462.999969       381.519104    
   463.499939       381.476593    
   463.999939       381.433167    
   464.499969       381.388672    
   464.999969       381.343201    
   465.499939       381.296783    
   465.999939       381.249359    
   466.499969       381.201050    
   466.999969       381.151672    
   467.499939       381.101318    
   467.999939       381.049957    
   468.499969       380.997711    
   468.999969       380.944397    
   469.499939       380.890137    
   469.999939       380.834869    
   470.499969       380.778595    
   470.999969       380.721436    
   471.499939       380.663269    
   471.999939       380.604095    
   472.499969       380.543915    
   472.999969       380.482788    
   473.499939       380.420685    
   473.999939       380.357605    
   474.499939       380.293518    
   474.999969       380.228455    
   475.499969       380.162384    
   475.999939       380.095398    
   476.499939       380.027435    
   476.999969       379.958435    
   477.499969       379.888458    
   477.999939       379.817535    
   478.499939       379.745605    
   478.999969       379.672729    
   479.499969       379.598846    
   479.999939       379.523987    
   480.499939       379.448120    
   480.999969       379.371338    
   481.499969       379.293518    
   481.999939       379.214752    
   482.499939       379.134979    
   482.999969       379.054199    
   483.499969       378.972504    
   483.999939       378.889832    
   484.499939       378.806122    
   484.999939       378.721436    
   485.499969       378.635773    
   485.999939       378.549164    
   486.499939       378.461578    
   486.999939       378.372986    
   487.499969       378.283386    
   487.999969       378.192902    
   488.499939       378.101318    
   488.999939       378.008850    
   489.499969       377.915314    
   489.999969       377.820831    
   490.499939       377.725372    
   490.999939       377.628998    
   491.499969       377.531586    
   491.999969       377.433167    
   492.499939       377.333801    
   492.999939       377.233398    
   493.499969       377.132111    
   493.999969       377.029785    
   494.499939       376.926483    
   494.999939       376.822205    
   495.499969       376.716888    
   495.999969       376.610718    
   496.499939       376.503510    
   496.999939       376.395294    
   497.499939       376.286102    
   497.999969       376.175903    
   498.499939       376.064789    
   498.999939       375.952667    
   499.499939       375.839569    
   499.999969       375.725464    
   500.499969       375.610443    
   500.999939       375.494354    
   501.499939       375.377380    
   501.999969       375.259308    
   502.499969       375.140320    
   502.999939       375.020355    
   503.499939       374.899475    
   503.999969       374.777527    
   504.499969       374.654602    
   504.999939       374.530731    
   505.499939       374.405792    
   505.999969       374.279999    
   506.499969       374.153168    
   506.999939       374.025360    
   507.499939       373.896545    
   507.999939       373.766724    
   508.499969       373.636017    
   508.999939       373.504303    
   509.499939       373.371582    
   509.999939       373.237854    
   510.499969       373.103180    
   510.999939       372.967529    
   511.499939       372.830933    
   511.999939       372.693298    
   512.499939       372.554688    
   513.000000       372.415161    
   513.499939       372.274597    
   513.999939       372.133057    
   514.499939       371.990479    
   515.000000       371.846924    
   515.499939       371.702454    
   515.999939       371.557068    
   516.499939       371.410583    
   516.999939       371.263184    
   517.499939       371.114746    
   517.999939       370.965332    
   518.499939       370.815002    
   518.999939       370.663635    
   519.499939       370.511353    
   519.999939       370.358032    
   520.499939       370.203674    
   520.999939       370.048462    
   521.499939       369.892212    
   521.999939       369.734985    
   522.499939       369.576782    
   522.999939       369.417603    
   523.499939       369.257385    
   523.999939       369.096252    
   524.499939       368.934082    
   524.999939       368.770996    
   525.500000       368.606934    
   525.999939       368.441895    
   526.499939       368.275818    
   526.999939       368.108704    
   527.499939       367.940674    
   527.999939       367.771729    
   528.499939       367.601807    
   528.999939       367.430786    
   529.499939       367.258850    
   529.999939       367.085938    
   530.499939       366.911987    
   530.999939       366.737183    
   531.499939       366.561279    
   531.999939       366.384460    
   532.499939       366.206604    
   532.999939       366.027771    
   533.499939       365.848022    
   533.999939       365.667297    
   534.499939       365.485535    
   534.999939       365.302795    
   535.499939       365.119141    
   535.999939       364.934387    
   536.499939       364.748718    
   536.999939       364.562073    
   537.499939       364.374451    
   538.000000       364.185852    
   538.499939       363.996277    
   538.999939       363.805725    
   539.499939       363.614136    
   539.999939       363.421570    
   540.499939       363.228088    
   540.999939       363.033630    
   541.499939       362.838135    
   541.999939       362.641663    
   542.499939       362.444275    
   542.999939       362.245789    
   543.499939       362.046448    
   543.999939       361.846069    
   544.499939       361.644714    
   544.999939       361.442322    
   545.499939       361.239014    
   545.999939       361.034729    
   546.499939       360.829468    
   546.999939       360.623169    
   547.499939       360.415955    
   547.999939       360.207764    
   548.499939       359.998596    
   548.999939       359.788330    
   549.499939       359.577148    
   549.999939       359.364990    
   550.499939       359.151917    
   550.999939       358.937866    
   551.499939       358.722717    
   551.999939       358.506592    
   552.499939       358.289551    
   552.999939       358.071533    
   553.499939       357.852600    
   553.999939       357.632568    
   554.499939       357.411621    
   554.999939       357.189697    
   555.499939       356.966675    
   555.999939       356.742798    
   556.499939       356.517944    
   556.999939       356.292053    
   557.499939       356.065186    
   557.999939       355.837341    
   558.499939       355.608521    
   558.999939       355.378784    
   559.499939       355.147949    
   559.999939       354.916199    
   560.499939       354.683533    
   560.999939       354.449829    
   561.499939       354.215088    
   561.999939       353.979370    
   562.499939       353.742676    
   562.999939       353.505066    
   563.499939       353.266541    
   563.999939       353.026917    
   564.499939       352.786255    
   564.999939       352.544678    
   565.499939       352.302185    
   565.999939       352.058655    
   566.499939       351.814148    
   566.999939       351.568665    
   567.499939       351.322205    
   567.999939       351.074707    
   568.499939       350.826355    
   568.999939       350.576904    
   569.499939       350.326538    
   569.999939       350.075195    
   570.499939       349.822815    
   570.999939       349.569458    
   571.499939       349.315186    
   571.999939       349.059875    
   572.499939       348.803589    
   572.999939       348.546387    
   573.499939       348.288208    
   573.999939       348.028931    
   574.499939       347.768738    
   574.999939       347.507507    
   575.499939       347.245422    
   575.999939       346.982300    
   576.499939       346.718201    
   576.999939       346.453003    
   577.499939       346.187012    
   577.999939       345.919922    
   578.499939       345.651917    
   578.999939       345.382874    
   579.499939       345.112854    
   579.999939       344.841919    
   580.499939       344.569946    
   580.999939       344.296997    
   581.499939       344.023071    
   581.999939       343.748169    
   582.499939       343.472290    
   582.999939       343.195435    
   583.499939       342.917542    
   583.999939       342.638733    
   584.499939       342.358948    
   584.999939       342.078125    
   585.499939       341.796387    
   585.999939       341.513672    
   586.499939       341.229919    
   586.999939       340.945190    
   587.499939       340.659485    
   587.999939       340.372803    
   588.499939       340.085205    
   588.999939       339.796570    
   589.499939       339.506897    
   589.999939       339.216370    
   590.499939       338.924744    
   590.999939       338.632263    
   591.499939       338.338745    
   591.999939       338.044189    
   592.499939       337.748718    
   592.999939       337.452209    
   593.499939       337.154663    
   593.999939       336.856323    
   594.499939       336.556885    
   594.999939       336.256531    
   595.499939       335.955078    
   595.999939       335.652771    
   596.499939       335.349426    
   596.999939       335.045166    
   597.499939       334.739807    
   597.999939       334.433533    
   598.499939       334.126282    
   598.999939       333.817932    
   599.499939       333.508789    
   599.999939       333.198608    
   600.499939       332.887451    
   600.999939       332.575195    
   601.499939       332.262085    
   601.999939       331.947998    
   602.499939       331.632812    
   602.999939       331.316711    
   603.499939       330.999695    
   603.999939       330.681702    
   604.499939       330.362610    
   604.999939       330.042603    
   605.499939       329.721619    
   605.999939       329.399597    
   606.499939       329.076660    
   606.999939       328.752747    
   607.499939       328.427917    
   607.999939       328.101868    
   608.499939       327.775085    
   608.999939       327.447266    
   609.499939       327.118469    
   609.999939       326.788574    
   610.499939       326.457825    
   610.999939       326.126038    
   611.499939       325.793152    
   611.999939       325.459473    
   612.499939       325.124817    
   612.999939       324.789124    
   613.499939       324.452393    
   613.999939       324.114746    
   614.499939       323.776123    
   614.999939       323.436401    
   615.499939       323.095825    
   615.999939       322.754333    
   616.499939       322.411804    
   616.999939       322.068176    
   617.499939       321.723694    
   617.999939       321.378174    
   618.499939       321.031616    
   618.999939       320.684204    
   619.499939       320.335754    
   619.999939       319.986389    
   620.499939       319.635864    
   620.999939       319.284485    
   621.499939       318.932190    
   621.999939       318.578857    
   622.499939       318.224426    
   622.999939       317.869202    
   623.499939       317.512939    
   623.999939       317.155518    
   624.499939       316.797302    
   624.999939       316.438110    
   625.499939       316.077942    
   625.999939       315.716675    
   626.499939       315.354553    
   626.999939       314.991394    
   627.499939       314.627197    
   627.999939       314.262085    
   628.499939       313.896057    
   628.999939       313.528992    
   629.499939       313.160889    
   629.999939       312.791870    
   630.499939       312.421814    
   630.999939       312.050720    
   631.499939       311.678833    
   631.999939       311.305908    
   632.499939       310.932007    
   632.999939       310.556946    
   633.499939       310.181091    
   633.999939       309.804199    
   634.499939       309.426392    
   634.999939       309.047485    
   635.499939       308.667725    
   635.999939       308.286926    
   636.499939       307.905151    
   636.999939       307.522278    
   637.499939       307.138550    
   637.999939       306.753906    
   638.499939       306.368103    
   638.999939       305.981445    
   639.499939       305.593750    
   639.999939       305.205139    
   640.499939       304.815430    
   640.999939       304.424866    
   641.499939       304.033325    
   641.999939       303.640686    
   642.499939       303.247131    
   642.999939       302.852600    
   643.499939       302.457031    
   643.999939       302.060547    
   644.499939       301.663147    
   644.999939       301.264709    
   645.499939       300.865112    
   645.999939       300.464783    
   646.499939       300.063416    
   646.999939       299.661072    
   647.499939       299.257629    
   647.999939       298.853333    
   648.499939       298.448059    
   648.999939       298.041748    
   649.499939       297.634399    
   649.999939       297.226135    
   650.499939       296.816956    
   650.999939       296.406616    
   651.499939       295.995483    
   651.999939       295.583313    
   652.499939       295.170166    
   652.999939       294.755981    
   653.499939       294.340820    
   653.999939       293.924744    
   654.499939       293.507629    
   654.999939       293.089600    
   655.499939       292.670532    
   655.999939       292.250488    
   656.499939       291.829468    
   656.999939       291.407471    
   657.499939       290.984497    
   657.999939       290.560547    
   658.499939       290.135559    
   658.999939       289.709717    
   659.499939       289.282898    
   659.999939       288.854919    
   660.499939       288.426025    
   660.999939       287.996216    
   661.499939       287.565491    
   661.999939       287.133606    
   662.499939       286.700806    
   662.999939       286.267151    
   663.499939       285.832275    
   663.999939       285.396606    
   664.499939       284.959961    
   664.999939       284.522339    
   665.499939       284.083557    
   665.999939       283.643860    
   666.499939       283.203369    
   666.999939       282.761597    
   667.499939       282.319092    
   667.999939       281.875610    
   668.499939       281.431030    
   668.999939       280.985413    
   669.499939       280.538940    
   669.999939       280.091553    
   670.499939       279.642944    
   670.999939       279.193604    
   671.499939       278.743164    
   671.999939       278.291748    
   672.499939       277.839233    
   672.999939       277.385986    
   673.499939       276.931641    
   673.999939       276.476318    
   674.499939       276.019958    
   674.999939       275.562683    
   675.499939       275.104431    
   675.999939       274.645020    
   676.499939       274.184937    
   676.999939       273.723694    
   677.499939       273.261536    
   677.999939       272.798340    
   678.499939       272.334167    
   678.999939       271.869019    
   679.499939       271.402832    
   679.999939       270.935791    
   680.499939       270.467712    
   680.999939       269.998718    
   681.499939       269.528564    
   681.999939       269.057617    
   682.499939       268.585571    
   682.999939       268.112549    
   683.499939       267.638611    
   683.999939       267.163696    
   684.499939       266.687866    
   684.999939       266.210815    
   685.499939       265.732910    
   685.999939       265.254089    
   686.499939       264.774353    
   686.999939       264.293396    
   687.499939       263.811646    
   687.999939       263.328918    
   688.499939       262.845032    
   688.999939       262.360291    
   689.499939       261.874634    
   689.999939       261.387939    
   690.499939       260.900146    
   690.999939       260.411438    
   691.499939       259.921875    
   691.999939       259.431152    
   692.499939       258.939575    
   692.999939       258.447021    
   693.499939       257.953491    
   693.999939       257.458801    
   694.499939       256.963257    
   694.999939       256.466858    
   695.499939       255.969238    
   695.999939       255.470825    
   696.499939       254.971436    
   696.999939       254.470947    
   697.499939       253.969421    
   697.999939       253.467102    
   698.499939       252.963745    
   698.999939       252.459412    
   699.499939       251.954041    
   699.999939       251.447693    
   700.499939       250.940430    
   700.999939       250.432007    
   701.499939       249.922852    
   701.999939       249.412598    
   702.499878       248.901428    
   702.999939       248.389160    
   703.499939       247.875977    
   703.999939       247.361816    
   704.499939       246.846619    
   704.999939       246.330505    
   705.499939       245.813416    
   705.999939       245.295410    
   706.499939       244.776184    
   706.999939       244.256165    
   707.499939       243.735168    
   707.999939       243.213135    
   708.499939       242.690125    
   708.999939       242.166199    
   709.499939       241.641296    
   709.999939       241.115234    
   710.499939       240.588318    
   710.999939       240.060486    
   711.499939       239.531677    
   711.999939       239.001709    
   712.499939       238.470825    
   712.999939       237.939148    
   713.499939       237.406372    
   713.999939       236.872437    
   714.499939       236.337769    
   714.999878       235.802063    
   715.499939       235.265198    
   715.999939       234.727478    
   716.499939       234.188904    
   716.999939       233.649109    
   717.499939       233.108521    
   717.999939       232.567017    
   718.499939       232.024353    
   718.999939       231.480652    
   719.499939       230.936157    
   719.999939       230.390686    
   720.499939       229.843994    
   720.999939       229.296631    
   721.499939       228.748169    
   721.999939       228.198669    
   722.499939       227.648071    
   722.999939       227.096802    
   723.499939       226.544434    
   723.999939       225.990967    
   724.499939       225.436523    
   724.999939       224.881226    
   725.499878       224.324951    
   725.999939       223.767578    
   726.499939       223.209229    
   726.999939       222.650024    
   727.499878       222.089722    
   727.999939       221.528564    
   728.499939       220.966309    
   728.999939       220.403076    
   729.499878       219.838989    
   729.999939       219.273804    
   730.499939       218.707642    
   730.999939       218.140625    
   731.499939       217.572388    
   731.999939       217.003296    
   732.499939       216.433228    
   732.999939       215.862183    
   733.499939       215.290161    
   733.999939       214.717163    
   734.499939       214.143311    
   734.999939       213.568115    
   735.499939       212.992188    
   735.999939       212.415283    
   736.499939       211.837524    
   736.999939       211.258545    
   737.499939       210.678711    
   737.999878       210.097900    
   738.499939       209.516113    
   738.999939       208.933105    
   739.499939       208.349487    
   739.999878       207.764648    
   740.499939       207.178833    
   740.999939       206.592041    
   741.499939       206.004395    
   741.999878       205.415771    
   742.499939       204.826050    
   742.999939       204.235474    
   743.499939       203.643799    
   743.999939       203.051025    
   744.499939       202.457520    
   744.999939       201.863037    
   745.499939       201.267456    
   745.999939       200.670898    
   746.499939       200.073364    
   746.999939       199.474854    
   747.499939       198.875244    
   747.999939       198.274902    
   748.499939       197.673462    
   748.999939       197.071045    
   749.499939       196.467651    
   749.999939       195.863281    
   750.499878       195.257935    
   750.999939       194.651611    
   751.499939       194.044189    
   751.999939       193.435913    
   752.499878       192.826660    
   752.999939       192.216309    
   753.499939       191.605103    
   753.999939       190.992798    
   754.499878       190.379639    
   754.999939       189.765503    
   755.499939       189.150269    
   755.999939       188.534180    
   756.499939       187.916992    
   756.999939       187.298950    
   757.499939       186.679810    
   757.999939       186.059814    
   758.499939       185.438599    
   758.999939       184.816650    
   759.499939       184.193726    
   759.999939       183.569580    
   760.499939       182.944580    
   760.999878       182.318726    
   761.499939       181.691895    
   761.999939       181.063843    
   762.499939       180.434937    
   762.999878       179.805176    
   763.499939       179.174316    
   763.999939       178.542358    
   764.499939       177.909546    
   764.999878       177.275879    
   765.499939       176.640869    
   765.999939       176.005127    
   766.499939       175.368530    
   766.999878       174.730835    
   767.499939       174.091919    
   767.999939       173.452393    
   768.499939       172.811646    
   768.999939       172.169922    
   769.499939       171.527344    
   769.999939       170.883789    
   770.499939       170.239258    
   770.999939       169.593628    
   771.499939       168.947144    
   771.999939       168.299561    
   772.499939       167.650879    
   772.999939       167.001587    
   773.499878       166.351074    
   773.999939       165.699585    
   774.499939       165.047241    
   774.999939       164.393799    
   775.499878       163.739380    
   775.999939       163.083984    
   776.499939       162.427612    
   776.999939       161.770264    
   777.499878       161.112061    
   777.999939       160.452759    
   778.499939       159.792358    
   778.999939       159.131104    
   779.499878       158.468994    
   779.999939       157.805664    
   780.499939       157.141479    
   780.999939       156.476440    
   781.499939       155.810059    
   781.999939       155.143066    
   782.499939       154.474854    
   782.999939       153.805908    
   783.499939       153.135620    
   783.999878       152.464600    
   784.499939       151.792725    
   784.999939       151.119507    
   785.499939       150.445435    
   785.999878       149.770508    
   786.499939       149.094727    
   786.999939       148.417603    
   787.499939       147.739746    
   787.999878       147.060913    
   788.499939       146.380981    
   788.999939       145.699951    
   789.499939       145.018188    
   789.999878       144.335449    
   790.499939       143.651489    
   790.999939       142.966675    
   791.499939       142.281006    
   791.999878       141.594360    
   792.499939       140.906494    
   792.999939       140.217773    
   793.499939       139.528076    
   793.999939       138.837280    
   794.499939       138.145630    
   794.999939       137.453125    
   795.499939       136.759521    
   795.999939       136.064941    
   796.499878       135.369385    
   796.999939       134.672729    
   797.499939       133.975098    
   797.999939       133.276733    
   798.499878       132.577271    
   798.999939       131.876709    
   799.499939       131.175293    
   799.999939       130.472778    
   800.499939       129.769287    
   800.999939       129.064941    
   801.499878       128.359619    
   801.999878       127.653320    
   802.499878       126.945923    
   802.999939       126.237671    
   803.499939       125.528198    
   803.999939       124.817871    
   804.499939       124.106567    
   804.999939       123.394287    
   805.499878       122.681274    
   805.999878       121.967041    
   806.499878       121.251953    
   806.999878       120.535645    
   807.499939       119.818481    
   807.999939       119.100464    
   808.499939       118.381104    
   808.999939       117.661133    
   809.499939       116.940063    
   809.999878       116.218140    
   810.499878       115.494995    
   810.999878       114.770874    
   811.499939       114.046021    
   811.999939       113.319946    
   812.499939       112.592896    
   812.999939       111.865112    
   813.499939       111.135986    
   813.999878       110.406372    
   814.499878       109.675293    
   814.999878       108.943604    
   815.499939       108.210693    
   815.999939       107.476807    
   816.499939       106.742065    
   816.999939       106.006104    
   817.499939       105.269409    
   817.999878       104.531738    
   818.499878       103.793091    
   818.999878       103.053345    
   819.499878       102.312500    
   819.999939       101.570923    
   820.499939       100.828247    
   820.999939       100.084595    
   821.499939       99.3399658    
   821.999939       98.5943604    
   822.499878       97.8480225    
   822.999878       97.1002197    
   823.499878       96.3518066    
   823.999939       95.6022949    
   824.499939       94.8518066    
   824.999939       94.1003418    
   825.499939       93.3477783    
   825.999939       92.5943604    
   826.499878       91.8400879    
   826.999878       91.0847168    
   827.499878       90.3282471    
   827.999939       89.5710449    
   828.499939       88.8125000    
   828.999939       88.0532227    
   829.499939       87.2928467    
   829.999939       86.5316162    
   830.499878       85.7694092    
   830.999878       85.0062256    
   831.499878       84.2420654    
   831.999878       83.4766846    
   832.499939       82.7104492    
   832.999939       81.9434814    
   833.499939       81.1751709    
   833.999939       80.4061279    
   834.499939       79.6359863    
   834.999878       78.8651123    
   835.499878       78.0928955    
   835.999878       77.3198242    
   836.499939       76.5458984    
   836.999939       75.7707520    
   837.499939       74.9947510    
   837.999939       74.2177734    
   838.499939       73.4396973    
   838.999878       72.6610107    
   839.499878       71.8809814    
   839.999878       71.1002197    
   840.499939       70.3183594    
   840.999939       69.5352783    
   841.499939       68.7515869    
   841.999939       67.9666748    
   842.499939       67.1809082    
   842.999878       66.3941650    
   843.499878       65.6065674    
   843.999878       64.8177490    
   844.499878       64.0278320    
   844.999939       63.2373047    
   845.499939       62.4455566    
   845.999939       61.6529541    
   846.499939       60.8592529    
   846.999939       60.0645752    
   847.499878       59.2691650    
   847.999878       58.4724121    
   848.499878       57.6749268    
   848.999939       56.8763428    
   849.499939       56.0769043    
   849.999939       55.2763672    
   850.499939       54.4748535    
   850.999939       53.6723633    
   851.499878       52.8690186    
   851.999878       52.0645752    
   852.499878       51.2591553    
   852.999878       50.4528809    
   853.499939       49.6453857    
   853.999939       48.8369141    
   854.499939       48.0275879    
   854.999939       47.2172852    
   855.499878       46.4061279    
   855.999878       45.5938721    
   856.499878       44.7806396    
   856.999878       43.9663086    
   857.499939       43.1511230    
   857.999939       42.3349609    
   858.499939       41.5177002    
   858.999939       40.6995850    
   859.499939       39.8804932    
   859.999878       39.0605469    
   860.499878       38.2393799    
   860.999878       37.4171143    
   861.499939       36.5942383    
   861.999939       35.7700195    
   862.499939       34.9449463    
   862.999939       34.1190186    
   863.499939       33.2918701    
   863.999878       32.4642334    
   864.499878       31.6351318    
   864.999878       30.8052979    
   865.499878       29.9743652    
   865.999939       29.1423340    
   866.499939       28.3095703    
   866.999939       27.4757080    
   867.499939       26.6408691    
   867.999878       25.8051758    
   868.499878       24.9683838    
   868.999878       24.1306152    
   869.499878       23.2917480    
   869.999939       22.4521484    
   870.499939       21.6113281    
   870.999939       20.7696533    
   871.499939       19.9270020    
   871.999939       19.0832520    
   872.499878       18.2387695    
   872.999878       17.3931885    
   873.499878       16.5466309    
   873.999939       15.6989746    
   874.499939       14.8504639    
   874.999939       14.0008545    
   875.499939       13.1502686    
   875.999939       12.2988281    
   876.499878       11.4464111    
   876.999878       10.5930176    
   877.499878       9.73852539    
   877.999878       8.88317871    
   878.499939       8.02661133    
   878.999939       7.16931152    
   879.499939       6.31103516    
   879.999939       5.45153809    
   880.499878       4.59130859    
   880.999878       3.72998047    
   881.499878       2.86779785    
   881.999878       2.00439453    
   882.499939       1.14013672    
   882.999939      0.275024414    
   883.499939     -0.591308594    
