  0.866025388      0.499509692    
   1.73205078      0.998038828    
   2.59807611       1.49558735    
   3.46410155       1.99215519    
   4.33012676       2.48774219    
   5.19615221       2.98234916    
   6.06217766       3.47597528    
   6.92820311       3.96862078    
   7.79422808       4.46028566    
   8.66025352       4.95096970    
   9.52627945       5.44067383    
   10.3923044       5.92939663    
   11.2583294       6.41713953    
   12.1243553       6.90390110    
   12.9903803       7.38968182    
   13.8564062       7.87448311    
   14.7224321       8.35830307    
   15.5884562       8.84114265    
   16.4544830       9.32300186    
   17.3205070       9.80387878    
   18.1865330       10.2837772    
   19.0525589       10.7626944    
   19.9185829       11.2406301    
   20.7846088       11.7175875    
   21.6506348       12.1935625    
   22.5166588       12.6685572    
   23.3826847       13.1425705    
   24.2487106       13.6156044    
   25.1147366       14.0876579    
   25.9807606       14.5587292    
   26.8467865       15.0288219    
   27.7128124       15.4979324    
   28.5788364       15.9660635    
   29.4448643       16.4332123    
   30.3108883       16.8993816    
   31.1769123       17.3645706    
   32.0429382       17.8287792    
   32.9089661       18.2920074    
   33.7749901       18.7542534    
   34.6410141       19.2155190    
   35.5070419       19.6758060    
   36.3730659       20.1351109    
   37.2390900       20.5934334    
   38.1051178       21.0507793    
   38.9711418       21.5071430    
   39.8371658       21.9625225    
   40.7031937       22.4169273    
   41.5692177       22.8703499    
   42.4352417       23.3227882    
   43.3012695       23.7742500    
   44.1672935       24.2247295    
   45.0333176       24.6742287    
   45.8993416       25.1227455    
   46.7653694       25.5702839    
   47.6313972       26.0168419    
   48.4974213       26.4624195    
   49.3634453       26.9070148    
   50.2294731       27.3506317    
   51.0954971       27.7932644    
   51.9615211       28.2349186    
   52.8275490       28.6755943    
   53.6935730       29.1152878    
   54.5596008       29.5539989    
   55.4256248       29.9917316    
   56.2916489       30.4284821    
   57.1576729       30.8642540    
   58.0236969       31.2990398    
   58.8897285       31.7328529    
   59.7557526       32.1656799    
   60.6217766       32.5975304    
   61.4878006       33.0283966    
   62.3538246       33.4582863    
   63.2198486       33.8871880    
   64.0858765       34.3151169    
   64.9519043       34.7420616    
   65.8179321       35.1680260    
   66.6839523       35.5930099    
   67.5499802       36.0170135    
   68.4160004       36.4400368    
   69.2820282       36.8620758    
   70.1480560       37.2831421    
   71.0140839       37.7032242    
   71.8801041       38.1223221    
   72.7461319       38.5404434    
   73.6121521       38.9575844    
   74.4781799       39.3737373    
   75.3442078       39.7889175    
   76.2102356       40.2031174    
   77.0762558       40.6163330    
   77.9422836       41.0285721    
   78.8083115       41.4398270    
   79.6743317       41.8500977    
   80.5403595       42.2593956    
   81.4063873       42.6677094    
   82.2724075       43.0750427    
   83.1384354       43.4813957    
   84.0044632       43.8867683    
   84.8704834       44.2911568    
   85.7365112       44.6945648    
   86.6025391       45.0970001    
   87.4685669       45.4984512    
   88.3345871       45.8989182    
   89.2006149       46.2984085    
   90.0666351       46.6969147    
   90.9326630       47.0944405    
   91.7986832       47.4909859    
   92.6647110       47.8865509    
   93.5307388       48.2811394    
   94.3967667       48.6747437    
   95.2627945       49.0673714    
   96.1288223       49.4590149    
   96.9948425       49.8496780    
   97.8608704       50.2393608    
   98.7268906       50.6280594    
   99.5929184       51.0157814    
   100.458946       51.4025230    
   101.324966       51.7882805    
   102.190994       52.1730614    
   103.057014       52.5568581    
   103.923042       52.9396782    
   104.789062       53.3215141    
   105.655098       53.7023735    
   106.521126       54.0822525    
   107.387146       54.4611473    
   108.253174       54.8390617    
   109.119202       55.2159958    
   109.985222       55.5919495    
   110.851250       55.9669266    
   111.717270       56.3409195    
   112.583298       56.7139320    
   113.449318       57.0859604    
   114.315346       57.4570160    
   115.181374       57.8270836    
   116.047394       58.1961670    
   116.913429       58.5642815    
   117.779457       58.9314117    
   118.645477       59.2975616    
   119.511505       59.6627274    
   120.377525       60.0269127    
   121.243553       60.3901215    
   122.109581       60.7523460    
   122.975601       61.1135902    
   123.841629       61.4738541    
   124.707649       61.8331413    
   125.573677       62.1914444    
   126.439697       62.5487595    
   127.305725       62.9051018    
   128.171753       63.2604675    
   129.037781       63.6148491    
   129.903809       63.9682503    
   130.769836       64.3206711    
   131.635864       64.6721115    
   132.501877       65.0225677    
   133.367905       65.3720474    
   134.233932       65.7205429    
   135.099960       66.0680618    
   135.965988       66.4145966    
   136.832001       66.7601547    
   137.698029       67.1047211    
   138.564056       67.4483109    
   139.430084       67.7909317    
   140.296112       68.1325684    
   141.162140       68.4732208    
   142.028168       68.8128967    
   142.894180       69.1515808    
   143.760208       69.4892960    
   144.626236       69.8260269    
   145.492264       70.1617737    
   146.358292       70.4965439    
   147.224304       70.8303299    
   148.090332       71.1631317    
   148.956360       71.4949570    
   149.822388       71.8258133    
   150.688416       72.1556778    
   151.554443       72.4845657    
   152.420471       72.8124695    
   153.286499       73.1393890    
   154.152512       73.4653320    
   155.018539       73.7902985    
   155.884567       74.1142807    
   156.750595       74.4372864    
   157.616623       74.7593079    
   158.482635       75.0803452    
   159.348663       75.4003983    
   160.214691       75.7194748    
   161.080719       76.0375824    
   161.946747       76.3546982    
   162.812775       76.6708374    
   163.678802       76.9859924    
   164.544815       77.3001709    
   165.410843       77.6133652    
   166.276871       77.9255829    
   167.142899       78.2368164    
   168.008926       78.5470734    
   168.874939       78.8563461    
   169.740967       79.1646271    
   170.606995       79.4719391    
   171.473022       79.7782745    
   172.339050       80.0836334    
   173.205078       80.3880005    
   174.071106       80.6913910    
   174.937134       80.9938049    
   175.803146       81.2952271    
   176.669174       81.5956726    
   177.535202       81.8951416    
   178.401230       82.1936340    
   179.267258       82.4911346    
   180.133270       82.7876587    
   180.999298       83.0831985    
   181.865326       83.3777618    
   182.731354       83.6713486    
   183.597366       83.9639511    
   184.463394       84.2555771    
   185.329422       84.5462189    
   186.195450       84.8358765    
   187.061478       85.1245575    
   187.927490       85.4122620    
   188.793533       85.6989822    
   189.659561       85.9847260    
   190.525589       86.2694778    
   191.391617       86.5532608    
   192.257645       86.8360596    
   193.123657       87.1178741    
   193.989685       87.3987122    
   194.855713       87.6785583    
   195.721741       87.9574356    
   196.587769       88.2353363    
   197.453781       88.5122452    
   198.319809       88.7881775    
   199.185837       89.0631332    
   200.051865       89.3371048    
   200.917892       89.6100922    
   201.783905       89.8821030    
   202.649933       90.1531296    
   203.515961       90.4231796    
   204.381989       90.6922455    
   205.248001       90.9603348    
   206.114029       91.2274475    
   206.980057       91.4935684    
   207.846085       91.7587128    
   208.712112       92.0228806    
   209.578125       92.2860718    
   210.444153       92.5482712    
   211.310196       92.8095016    
   212.176224       93.0697403    
   213.042252       93.3290100    
   213.908279       93.5872879    
   214.774292       93.8445892    
   215.640320       94.1009064    
   216.506348       94.3562469    
   217.372375       94.6106110    
   218.238403       94.8639908    
   219.104416       95.1163864    
   219.970444       95.3678055    
   220.836472       95.6182404    
   221.702499       95.8677063    
   222.568527       96.1161804    
   223.434540       96.3636780    
   224.300568       96.6101837    
   225.166595       96.8557281    
   226.032623       97.1002808    
   226.898636       97.3438492    
   227.764664       97.5864410    
   228.630692       97.8280563    
   229.496719       98.0686874    
   230.362747       98.3083344    
   231.228760       98.5469971    
   232.094788       98.7846832    
   232.960831       99.0214005    
   233.826859       99.2571259    
   234.692886       99.4918823    
   235.558914       99.7256470    
   236.424927       99.9584351    
   237.290955       100.190239    
   238.156982       100.421066    
   239.023010       100.650909    
   239.889038       100.879776    
   240.755051       101.107651    
   241.621078       101.334557    
   242.487106       101.560486    
   243.353134       101.785423    
   244.219162       102.009384    
   245.085175       102.232361    
   245.951202       102.454361    
   246.817230       102.675385    
   247.683258       102.895424    
   248.549271       103.114487    
   249.415298       103.332565    
   250.281326       103.549660    
   251.147354       103.765778    
   252.013382       103.980911    
   252.879395       104.195053    
   253.745422       104.408226    
   254.611450       104.620422    
   255.477493       104.831642    
   256.343506       105.041878    
   257.209534       105.251129    
   258.075562       105.459396    
   258.941589       105.666687    
   259.807617       105.873001    
   260.673645       106.078331    
   261.539673       106.282684    
   262.405701       106.486053    
   263.271729       106.688431    
   264.137726       106.889847    
   265.003754       107.090271    
   265.869781       107.289719    
   266.735809       107.488190    
   267.601837       107.685669    
   268.467865       107.882172    
   269.333893       108.077698    
   270.199921       108.272240    
   271.065948       108.465805    
   271.931976       108.658386    
   272.797974       108.849991    
   273.664001       109.040611    
   274.530029       109.230232    
   275.396057       109.418900    
   276.262085       109.606575    
   277.128113       109.793274    
   277.994141       109.979004    
   278.860168       110.163734    
   279.726196       110.347488    
   280.592224       110.530273    
   281.458252       110.712067    
   282.324280       110.892883    
   283.190308       111.072708    
   284.056335       111.251572    
   284.922363       111.429443    
   285.788361       111.606339    
   286.654388       111.782242    
   287.520416       111.957176    
   288.386444       112.131119    
   289.252472       112.304100    
   290.118500       112.476089    
   290.984528       112.647095    
   291.850555       112.817123    
   292.716583       112.986168    
   293.582611       113.154243    
   294.448608       113.321327    
   295.314636       113.487434    
   296.180664       113.652542    
   297.046692       113.816681    
   297.912720       113.979858    
   298.778748       114.142036    
   299.644775       114.303246    
   300.510803       114.463470    
   301.376831       114.622711    
   302.242859       114.780975    
   303.108887       114.938248    
   303.974915       115.094551    
   304.840942       115.249870    
   305.706970       115.404213    
   306.572998       115.557571    
   307.438995       115.709946    
   308.305023       115.861343    
   309.171051       116.011757    
   310.037079       116.161194    
   310.903107       116.309654    
   311.769135       116.457123    
   312.635162       116.603622    
   313.501190       116.749130    
   314.367218       116.893661    
   315.233246       117.037224    
   316.099243       117.179794    
   316.965271       117.321381    
   317.831299       117.461975    
   318.697327       117.601601    
   319.563354       117.740257    
   320.429382       117.877922    
   321.295410       118.014610    
   322.161438       118.150322    
   323.027466       118.285057    
   323.893494       118.418800    
   324.759521       118.551567    
   325.625549       118.683350    
   326.491577       118.814148    
   327.357605       118.943977    
   328.223633       119.072823    
   329.089630       119.200684    
   329.955658       119.327568    
   330.821686       119.453468    
   331.687714       119.578384    
   332.553741       119.702332    
   333.419769       119.825287    
   334.285797       119.947266    
   335.151825       120.068260    
   336.017853       120.188278    
   336.883881       120.307327    
   337.749878       120.425377    
   338.615906       120.542458    
   339.481934       120.658531    
   340.347961       120.773643    
   341.213989       120.887787    
   342.080017       121.000938    
   342.946045       121.113113    
   343.812073       121.224304    
   344.678101       121.334526    
   345.544128       121.443756    
   346.410156       121.552002    
   347.276154       121.659271    
   348.142212       121.765556    
   349.008209       121.870865    
   349.874268       121.975204    
   350.740265       122.078545    
   351.606293       122.180916    
   352.472321       122.282295    
   353.338348       122.382706    
   354.204346       122.482124    
   355.070404       122.580574    
   355.936432       122.678024    
   356.802460       122.774521    
   357.668488       122.870018    
   358.534515       122.964554    
   359.400543       123.058083    
   360.266541       123.150650    
   361.132599       123.242226    
   361.998596       123.332817    
   362.864655       123.422440    
   363.730652       123.511078    
   364.596680       123.598740    
   365.462708       123.685410    
   366.328735       123.771118    
   367.194733       123.855820    
   368.060791       123.939568    
   368.926788       124.022316    
   369.792847       124.104088    
   370.658844       124.184883    
   371.524902       124.264702    
   372.390900       124.343536    
   373.256927       124.421387    
   374.122955       124.498253    
   374.988983       124.574142    
   375.854980       124.649055    
   376.721039       124.722992    
   377.587067       124.795921    
   378.453094       124.867905    
   379.319122       124.938889    
   380.185150       125.008904    
   381.051178       125.077919    
   381.917175       125.145973    
   382.783234       125.213036    
   383.649231       125.279106    
   384.515289       125.344223    
   385.381287       125.408340    
   386.247314       125.471481    
   387.113342       125.533646    
   387.979370       125.594833    
   388.845367       125.655022    
   389.711426       125.714249    
   390.577423       125.772491    
   391.443481       125.829750    
   392.309479       125.886024    
   393.175537       125.941330    
   394.041534       125.995644    
   394.907562       126.048981    
   395.773590       126.101334    
   396.639618       126.152710    
   397.505615       126.203102    
   398.371674       126.252525    
   399.237701       126.300949    
   400.103729       126.348412    
   400.969757       126.394882    
   401.835785       126.440384    
   402.701813       126.484879    
   403.567810       126.528419    
   404.433868       126.570969    
   405.299866       126.612526    
   406.165924       126.653122    
   407.031921       126.692726    
   407.897949       126.731354    
   408.763977       126.769005    
   409.630005       126.805679    
   410.496002       126.841354    
   411.362061       126.876068    
   412.228058       126.909790    
   413.094116       126.942535    
   413.960114       126.974297    
   414.826172       127.005081    
   415.692169       127.034882    
   416.558197       127.063705    
   417.424225       127.091545    
   418.290253       127.118408    
   419.156250       127.144287    
   420.022308       127.169189    
   420.888306       127.193108    
   421.754364       127.216049    
   422.620392       127.237999    
   423.486420       127.258987    
   424.352448       127.278969    
   425.218445       127.297997    
   426.084503       127.316025    
   426.950500       127.333069    
   427.816559       127.349152    
   428.682556       127.364243    
   429.548584       127.378357    
   430.414612       127.391487    
   431.280640       127.403641    
   432.146637       127.414803    
   433.012695       127.425003    
   433.878693       127.434212    
   434.744751       127.442436    
   435.610748       127.449684    
   436.476807       127.455963    
   437.342804       127.461250    
   438.208832       127.465553    
   439.074860       127.468880    
   439.940887       127.471222    
   440.806885       127.472588    
   441.672943       127.472977    
   442.538940       127.472382    
   443.404999       127.470810    
   444.271027       127.468246    
   445.137054       127.464722    
   446.003082       127.460175    
   446.869080       127.454697    
   447.735138       127.448212    
   448.601135       127.440750    
   449.467194       127.432297    
   450.333191       127.422897    
   451.199219       127.412476    
   452.065247       127.401108    
   452.931274       127.388733    
   453.797272       127.375397    
   454.663330       127.361069    
   455.529327       127.345779    
   456.395386       127.329468    
   457.261383       127.312225    
   458.127441       127.293961    
   458.993439       127.274750    
   459.859467       127.254532    
   460.725494       127.233353    
   461.591522       127.211166    
   462.457520       127.188004    
   463.323578       127.163895    
   464.189575       127.138763    
   465.055634       127.112686    
   465.921661       127.085602    
   466.787689       127.057571    
   467.653717       127.028519    
   468.519714       126.998520    
   469.385773       126.967514    
   470.251770       126.935547    
   471.117828       126.902588    
   471.983826       126.868652    
   472.849854       126.833725    
   473.715881       126.797836    
   474.581909       126.760956    
   475.447906       126.723099    
   476.313965       126.684250    
   477.179962       126.644455    
   478.046021       126.603622    
   478.912018       126.561859    
   479.778076       126.519089    
   480.644073       126.475372    
   481.510101       126.430618    
   482.376129       126.384933    
   483.242157       126.338226    
   484.108154       126.290558    
   484.974213       126.241928    
   485.840210       126.192291    
   486.706268       126.141693    
   487.572266       126.090088    
   488.438324       126.037552    
   489.304352       125.983978    
   490.170349       125.929459    
   491.036407       125.873947    
   491.902405       125.817459    
   492.768463       125.759979    
   493.634460       125.701553    
   494.500488       125.642090    
   495.366516       125.581696    
   496.232544       125.520294    
   497.098541       125.457932    
   497.964600       125.394562    
   498.830597       125.330246    
   499.696655       125.264908    
   500.562653       125.198639    
   501.428711       125.131348    
   502.294708       125.063110    
   503.160736       124.993851    
   504.026764       124.923645    
   504.892792       124.852432    
   505.758789       124.780228    
   506.624847       124.707092    
   507.490845       124.632935    
   508.356903       124.557831    
   509.222900       124.481705    
   510.088959       124.404648    
   510.954987       124.326569    
   511.820984       124.247543    
   512.687012       124.167511    
   513.553040       124.086502    
   514.419067       124.004517    
   515.285095       123.921555    
   516.151123       123.837601    
   517.017151       123.752686    
   517.883179       123.666763    
   518.749207       123.579880    
   519.615234       123.492004    
   520.481262       123.403168    
   521.347290       123.313324    
   522.213318       123.222519    
   523.079346       123.130722    
   523.945312       123.037964    
   524.811401       122.944199    
   525.677368       122.849472    
   526.543457       122.753738    
   527.409424       122.657043    
   528.275452       122.559387    
   529.141479       122.460709    
   530.007507       122.361084    
   530.873535       122.260452    
   531.739563       122.158875    
   532.605652       122.056274    
   533.471619       121.952744    
   534.337646       121.848190    
   535.203674       121.742676    
   536.069702       121.636169    
   536.935730       121.528702    
   537.801758       121.420212    
   538.667786       121.310791    
   539.533813       121.200363    
   540.399841       121.088959    
   541.265869       120.976562    
   542.131897       120.863220    
   542.997925       120.748856    
   543.863953       120.633545    
   544.729980       120.517227    
   545.595947       120.399963    
   546.462036       120.281662    
   547.328003       120.162445    
   548.194092       120.042191    
   549.060059       119.920959    
   549.926086       119.798798    
   550.792114       119.675613    
   551.658142       119.551468    
   552.524170       119.426331    
   553.390198       119.300232    
   554.256226       119.173111    
   555.122253       119.045059    
   555.988281       118.916000    
   556.854309       118.785965    
   557.720337       118.654938    
   558.586365       118.522964    
   559.452393       118.389969    
   560.318420       118.256027    
   561.184448       118.121078    
   562.050476       117.985168    
   562.916504       117.848251    
   563.782532       117.710388    
   564.648560       117.571518    
   565.514587       117.431702    
   566.380615       117.290848    
   567.246582       117.149078    
   568.112671       117.006287    
   568.978638       116.862518    
   569.844727       116.717773    
   570.710693       116.572021    
   571.576721       116.425339    
   572.442749       116.277618    
   573.308777       116.128983    
   574.174805       115.979324    
   575.040833       115.828705    
   575.906860       115.677094    
   576.772888       115.524490    
   577.638916       115.370911    
   578.504944       115.216400    
   579.370972       115.060837    
   580.237000       114.904358    
   581.103027       114.746857    
   581.969055       114.588379    
   582.835083       114.428925    
   583.701111       114.268494    
   584.567139       114.107071    
   585.433167       113.944672    
   586.299194       113.781296    
   587.165222       113.616974    
   588.031250       113.451599    
   588.897217       113.285309    
   589.763306       113.117996    
   590.629272       112.949738    
   591.495361       112.780457    
   592.361328       112.610199    
   593.227356       112.438995    
   594.093384       112.266769    
   594.959412       112.093613    
   595.825439       111.919449    
   596.691467       111.744308    
   597.557495       111.568176    
   598.423523       111.391068    
   599.289551       111.212982    
   600.155579       111.033936    
   601.021606       110.853867    
   601.887634       110.672867    
   602.753662       110.490845    
   603.619690       110.307861    
   604.485718       110.123886    
   605.351746       109.938950    
   606.217773       109.753006    
   607.083801       109.566101    
   607.949829       109.378204    
   608.815857       109.189362    
   609.681885       108.999481    
   610.547852       108.808670    
   611.413940       108.616852    
   612.279907       108.424057    
   613.145996       108.230286    
   614.011963       108.035507    
   614.877991       107.839783    
   615.744019       107.643051    
   616.610046       107.445374    
   617.476074       107.246689    
   618.342102       107.047028    
   619.208130       106.846390    
   620.074158       106.644760    
   620.940186       106.442154    
   621.806213       106.238617    
   622.672241       106.034012    
   623.538269       105.828506    
   624.404297       105.621979    
   625.270325       105.414474    
   626.136353       105.205994    
   627.002380       104.996521    
   627.868408       104.786072    
   628.734436       104.574646    
   629.600464       104.362244    
   630.466492       104.148895    
   631.332520       103.934479    
   632.198486       103.719177    
   633.064575       103.502838    
   633.930542       103.285522    
   634.796631       103.067230    
   635.662598       102.847931    
   636.528625       102.627686    
   637.394653       102.406433    
   638.260681       102.184265    
   639.126709       101.961060    
   639.992737       101.736877    
   640.858765       101.511719    
   641.724792       101.285583    
   642.590820       101.058472    
   643.456848       100.830414    
   644.322876       100.601288    
   645.188904       100.371277    
   646.054932       100.140228    
   646.920959       99.9082031    
   647.786987       99.6752014    
   648.653015       99.4412231    
   649.519043       99.2062683    
   650.385071       98.9703369    
   651.251099       98.7333984    
   652.117126       98.4955139    
   652.983154       98.2565918    
   653.849121       98.0167847    
   654.715210       97.7759094    
   655.581177       97.5341187    
   656.447266       97.2912903    
   657.313232       97.0474854    
   658.179260       96.8027344    
   659.045288       96.5569763    
   659.911316       96.3102722    
   660.777344       96.0625610    
   661.643372       95.8138733    
   662.509399       95.5642090    
   663.375427       95.3135376    
   664.241455       95.0619202    
   665.107483       94.8093262    
   665.973511       94.5556946    
   666.839539       94.3011475    
   667.705566       94.0455933    
   668.571594       93.7890625    
   669.437622       93.5315552    
   670.303650       93.2730408    
   671.169678       93.0135803    
   672.035706       92.7531128    
   672.901733       92.4916687    
   673.767761       92.2293091    
   674.633789       91.9658508    
   675.499756       91.7015076    
   676.365845       91.4361572    
   677.231812       91.1698303    
   678.097900       90.9024963    
   678.963867       90.6341553    
   679.829895       90.3648987    
   680.695923       90.0946045    
   681.561951       89.8233948    
   682.427979       89.5511780    
   683.294006       89.2779541    
   684.160034       89.0037842    
   685.026062       88.7286072    
   685.892090       88.4524841    
   686.758118       88.1753540    
   687.624146       87.8972168    
   688.490173       87.6181641    
   689.356201       87.3381042    
   690.222229       87.0570374    
   691.088257       86.7750244    
   691.954285       86.4920044    
   692.820312       86.2080078    
   693.686340       85.9230347    
   694.552307       85.6371155    
   695.418396       85.3501892    
   696.284424       85.0622253    
   697.150452       84.7733154    
   698.016418       84.4834900    
   698.882446       84.1926575    
   699.748535       83.9008179    
   700.614563       83.6079712    
   701.480530       83.3142090    
   702.346558       83.0193787    
   703.212585       82.7236633    
   704.078674       82.4269104    
   704.944641       82.1292114    
   705.810669       81.8305054    
   706.676697       81.5308228    
   707.542725       81.2301331    
   708.408691       80.9285278    
   709.274780       80.6258850    
   710.140808       80.3222961    
   711.006836       80.0177002    
   711.872864       79.7120972    
   712.738831       79.4055786    
   713.604919       79.0980835    
   714.470947       78.7895813    
   715.336975       78.4800720    
   716.202942       78.1696472    
   717.069031       77.8582153    
   717.935059       77.5457458    
   718.801086       77.2323303    
   719.667053       76.9179688    
   720.533081       76.6026001    
   721.399170       76.2862549    
   722.265198       75.9689026    
   723.131165       75.6506348    
   723.997192       75.3312988    
   724.863220       75.0110474    
   725.729309       74.6897583    
   726.595276       74.3675537    
   727.461304       74.0443420    
   728.327332       73.7201233    
   729.193359       73.3949585    
   730.059326       73.0688171    
   730.925415       72.7416687    
   731.791443       72.4135742    
   732.657471       72.0844727    
   733.523499       71.7543335    
   734.389465       71.4233093    
   735.255554       71.0912781    
   736.121582       70.7582703    
   736.987610       70.4242554    
   737.853577       70.0892944    
   738.719666       69.7533569    
   739.585693       69.4163513    
   740.451721       69.0784302    
   741.317688       68.7395630    
   742.183716       68.3996887    
   743.049805       68.0588074    
   743.915833       67.7169495    
   744.781799       67.3741760    
   745.647827       67.0303040    
   746.513855       66.6855469    
   747.379944       66.3397522    
   748.245911       65.9930420    
   749.111938       65.6452942    
   749.977966       65.2965698    
   750.843994       64.9468689    
   751.709961       64.5962524    
   752.576050       64.2445679    
   753.442078       63.8919678    
   754.308105       63.5383301    
   755.174133       63.1836853    
   756.040100       62.8281555    
   756.906189       62.4716187    
   757.772217       62.1140747    
   758.638245       61.7555542    
   759.504211       61.3960876    
   760.370300       61.0356140    
   761.236328       60.6741333    
   762.102356       60.3116760    
   762.968323       59.9482727    
   763.834351       59.5838928    
   764.700439       59.2185059    
   765.566467       58.8521423    
   766.432434       58.4848328    
   767.298462       58.1164551    
   768.164490       57.7471619    
   769.030579       57.3768921    
   769.896545       57.0056458    
   770.762573       56.6333923    
   771.628601       56.2601624    
   772.494629       55.8859253    
   773.360596       55.5107727    
   774.226685       55.1346130    
   775.092712       54.7574768    
   775.958740       54.3793335    
   776.824768       54.0001831    
   777.690735       53.6201172    
   778.556824       53.2390747    
   779.422852       52.8569946    
   780.288879       52.4739685    
   781.154846       52.0899963    
   782.020935       51.7050171    
   782.886963       51.3190002    
   783.752991       50.9320374    
   784.618958       50.5441284    
   785.484985       50.1552429    
   786.351074       49.7653198    
   787.217102       49.3744507    
   788.083069       48.9826050    
   788.949097       48.5897217    
   789.815125       48.1959229    
   790.681213       47.8011169    
   791.547180       47.4053650    
   792.413208       47.0086060    
   793.279236       46.6108398    
   794.145264       46.2121277    
   795.011230       45.8124390    
   795.877319       45.4117432    
   796.743347       45.0101013    
   797.609375       44.6074524    
   798.475403       44.2037964    
   799.341370       43.7992249    
   800.207458       43.3936462    
   801.073486       42.9870605    
   801.939514       42.5795288    
   802.805481       42.1710205    
   803.671570       41.7615356    
   804.537598       41.3510132    
   805.403625       40.9395142    
   806.269592       40.5270996    
   807.135620       40.1136780    
   808.001709       39.6992798    
   808.867737       39.2838745    
   809.733704       38.8675232    
   810.599731       38.4501343    
   811.465759       38.0318298    
   812.331848       37.6124878    
   813.197815       37.1922302    
   814.063843       36.7709351    
   814.929871       36.3486633    
   815.795898       35.9254150    
   816.661865       35.5012512    
   817.527954       35.0760498    
   818.393982       34.6498718    
   819.260010       34.2227173    
   820.125977       33.7946167    
   820.992004       33.3654480    
   821.858093       32.9353638    
   822.724121       32.5042725    
   823.590149       32.0721741    
   824.456116       31.6391907    
   825.322205       31.2051697    
   826.188232       30.7701416    
   827.054260       30.3341370    
   827.920227       29.8972168    
   828.786255       29.4592896    
   829.652344       29.0203247    
   830.518372       28.5804138    
   831.384338       28.1395569    
   832.250366       27.6976624    
   833.116394       27.2548218    
   833.982483       26.8109741    
   834.848450       26.3662109    
   835.714478       25.9204102    
   836.580505       25.4736328    
   837.446533       25.0258484    
   838.312500       24.5771790    
   839.178589       24.1274414    
   840.044617       23.6767578    
   840.910645       23.2250671    
   841.776611       22.7724609    
   842.642639       22.3187866    
   843.508728       21.8641968    
   844.374756       21.4085693    
   845.240784       20.9519958    
   846.106750       20.4944763    
   846.972839       20.0359497    
   847.838867       19.5763855    
   848.704895       19.1158752    
   849.570862       18.6544189    
   850.436890       18.1919861    
   851.302979       17.7285461    
   852.169006       17.2640991    
   853.034973       16.7987366    
   853.901001       16.3323059    
   854.767029       15.8649597    
   855.633118       15.3966064    
   856.499084       14.9273071    
   857.365112       14.4570007    
   858.231140       13.9856873    
   859.097168       13.5134277    
   859.963135       13.0402222    
   860.829224       12.5659790    
   861.695251       12.0907898    
   862.561279       11.6145630    
   863.427246       11.1374512    
   864.293274       10.6592407    
   865.159363       10.1801453    
   866.025391       9.70001221    
   866.891418       9.21890259    
   867.757385       8.73687744    
   868.623474       8.25384521    
   869.489502       7.76974487    
   870.355530       7.28472900    
   871.221497       6.79876709    
   872.087524       6.31182861    
   872.953613       5.82385254    
   873.819641       5.33489990    
   874.685608       4.84503174    
   875.551636       4.35406494    
   876.417664       3.86221313    
   877.283752       3.36935425    
   878.149719       2.87554932    
   879.015747       2.38070679    
   879.881775       1.88488770    
   880.747803       1.38809204    
   881.613770      0.890380859    
   882.479858      0.391632080    
   883.345886     -0.108093262    
