    2.25164    3.37258
    2.50327    3.74417
    2.75491    4.11479
    3.00655    4.48443
    3.25818    4.85308
    3.50982    5.22076
    3.76146    5.58746
    4.01309    5.95318
    4.26473    6.31791
    4.51637    6.68167
    4.76800    7.04445
    5.01964    7.40624
    5.27128    7.76706
    5.52292    8.12690
    5.77455    8.48575
    6.02619    8.84363
    6.27783    9.20053
    6.52946    9.55644
    6.78110    9.91138
    7.03274   10.26534
    7.28437   10.61831
    7.53601   10.97031
    7.78765   11.32133
    8.03928   11.67137
    8.29092   12.02042
    8.54256   12.36850
    8.79419   12.71560
    9.04583   13.06171
    9.29747   13.40685
    9.54910   13.75101
    9.80074   14.09418
   10.05238   14.43638
   10.30401   14.77760
   10.55565   15.11784
   10.80729   15.45709
   11.05892   15.79537
   11.31056   16.13266
   11.56220   16.46898
   11.81384   16.80432
   12.06547   17.13868
   12.31711   17.47205
   12.56875   17.80445
   12.82038   18.13587
   13.07202   18.46630
   13.32366   18.79576
   13.57529   19.12424
   13.82693   19.45173
   14.07857   19.77825
   14.33020   20.10379
   14.58184   20.42834
   14.83348   20.75192
   15.08511   21.07452
   15.33675   21.39614
   15.58839   21.71677
   15.84002   22.03643
   16.09166   22.35511
   16.34330   22.67280
   16.59493   22.98952
   16.84657   23.30526
   17.09821   23.62001
   17.34985   23.93379
   17.60148   24.24659
   17.85312   24.55840
   18.10476   24.86924
   18.35639   25.17910
   18.60803   25.48797
   18.85966   25.79587
   19.11130   26.10279
   19.36294   26.40873
   19.61458   26.71368
   19.86621   27.01766
   20.11785   27.32066
   20.36949   27.62267
   20.62112   27.92371
   20.87276   28.22377
   21.12440   28.52284
   21.37603   28.82094
   21.62767   29.11806
   21.87931   29.41419
   22.13094   29.70935
   22.38258   30.00353
   22.63422   30.29672
   22.88585   30.58894
   23.13749   30.88018
   23.38913   31.17044
   23.64076   31.45971
   23.89240   31.74801
   24.14404   32.03533
   24.39568   32.32166
   24.64731   32.60702
   24.89895   32.89140
   25.15059   33.17480
   25.40222   33.45721
   25.65386   33.73865
   25.90550   34.01911
   26.15713   34.29858
   26.40877   34.57708
   26.66041   34.85460
   26.91204   35.13113
   27.16368   35.40669
   27.41532   35.68127
   27.66695   35.95486
   27.91859   36.22748
   28.17023   36.49912
   28.42186   36.76978
   28.67350   37.03945
   28.92514   37.30815
   29.17677   37.57586
   29.42841   37.84261
   29.68005   38.10836
   29.93169   38.37314
   30.18332   38.63693
   30.43496   38.89975
   30.68660   39.16158
   30.93823   39.42244
   31.18987   39.68232
   31.44151   39.94122
   31.69314   40.19913
   31.94478   40.45607
   32.19641   40.71202
   32.44805   40.96700
   32.69969   41.22100
   32.95133   41.47402
   33.20296   41.72606
   33.45460   41.97711
   33.70624   42.22719
   33.95787   42.47629
   34.20951   42.72440
   34.46115   42.97154
   34.71278   43.21770
   34.96442   43.46287
   35.21606   43.70707
   35.46769   43.95029
   35.71933   44.19252
   35.97097   44.43378
   36.22261   44.67406
   36.47424   44.91335
   36.72588   45.15167
   36.97752   45.38901
   37.22915   45.62537
   37.48079   45.86074
   37.73243   46.09514
   37.98406   46.32855
   38.23570   46.56099
   38.48734   46.79245
   38.73897   47.02293
   38.99061   47.25242
   39.24225   47.48094
   39.49389   47.70848
   39.74552   47.93504
   39.99716   48.16061
   40.24879   48.38521
   40.50043   48.60883
   40.75207   48.83146
   41.00370   49.05312
   41.25534   49.27379
   41.50698   49.49349
   41.75861   49.71221
   42.01025   49.92995
   42.26189   50.14670
   42.51353   50.36248
   42.76516   50.57728
   43.01680   50.79110
   43.26844   51.00393
   43.52007   51.21579
   43.77171   51.42667
   44.02335   51.63656
   44.27498   51.84547
   44.52662   52.05342
   44.77826   52.26037
   45.02989   52.46635
   45.28153   52.67134
   45.53317   52.87536
   45.78481   53.07840
   46.03644   53.28046
   46.28808   53.48153
   46.53971   53.68163
   46.79135   53.88074
   47.04299   54.07889
   47.29462   54.27604
   47.54626   54.47222
   47.79790   54.66741
   48.04953   54.86163
   48.30117   55.05487
   48.55281   55.24712
   48.80445   55.43840
   49.05608   55.62870
   49.30772   55.81802
   49.55936   56.00636
   49.81099   56.19371
   50.06263   56.38008
   50.31427   56.56548
   50.56590   56.74990
   50.81754   56.93334
   51.06918   57.11580
   51.32081   57.29727
   51.57245   57.47777
   51.82409   57.65728
   52.07573   57.83582
   52.32736   58.01338
   52.57900   58.18996
   52.83064   58.36555
   53.08227   58.54017
   53.33391   58.71381
   53.58554   58.88647
   53.83718   59.05814
   54.08882   59.22884
   54.34045   59.39856
   54.59209   59.56729
   54.84373   59.73505
   55.09536   59.90182
   55.34700   60.06762
   55.59864   60.23244
   55.85027   60.39627
   56.10191   60.55914
   56.35355   60.72101
   56.60518   60.88190
   56.85683   61.04183
   57.10846   61.20076
   57.36010   61.35872
   57.61174   61.51569
   57.86337   61.67169
   58.11501   61.82671
   58.36665   61.98075
   58.61828   62.13380
   58.86992   62.28588
   59.12156   62.43698
   59.37319   62.58709
   59.62483   62.73623
   59.87646   62.88439
   60.12810   63.03156
   60.37974   63.17776
   60.63137   63.32298
   60.88301   63.46722
   61.13465   63.61047
   61.38628   63.75275
   61.63792   63.89405
   61.88956   64.03436
   62.14119   64.17370
   62.39283   64.31205
   62.64447   64.44943
   62.89610   64.58582
   63.14774   64.72124
   63.39938   64.85568
   63.65102   64.98914
   63.90266   65.12161
   64.15430   65.25312
   64.40593   65.38363
   64.65756   65.51317
   64.90920   65.64172
   65.16084   65.76930
   65.41248   65.89590
   65.66411   66.02151
   65.91575   66.14616
   66.16739   66.26981
   66.41902   66.39249
   66.67066   66.51418
   66.92229   66.63490
   67.17393   66.75463
   67.42557   66.87340
   67.67721   66.99117
   67.92884   67.10797
   68.18048   67.22379
   68.43211   67.33862
   68.68375   67.45248
   68.93539   67.56535
   69.18703   67.67725
   69.43866   67.78817
   69.69030   67.89810
   69.94194   68.00706
   70.19357   68.11504
   70.44521   68.22204
   70.69685   68.32806
   70.94849   68.43309
   71.20012   68.53715
   71.45176   68.64022
   71.70340   68.74232
   71.95503   68.84344
   72.20667   68.94357
   72.45831   69.04273
   72.70995   69.14090
   72.96158   69.23811
   73.21322   69.33433
   73.46485   69.42956
   73.71649   69.52382
   73.96812   69.61709
   74.21976   69.70939
   74.47140   69.80070
   74.72304   69.89104
   74.97467   69.98040
   75.22631   70.06877
   75.47794   70.15617
   75.72958   70.24258
   75.98122   70.32803
   76.23286   70.41249
   76.48450   70.49596
   76.73613   70.57846
   76.98777   70.65997
   77.23940   70.74051
   77.49104   70.82007
   77.74268   70.89864
   77.99432   70.97624
   78.24596   71.05286
   78.49759   71.12849
   78.74923   71.20316
   79.00086   71.27682
   79.25250   71.34953
   79.50414   71.42124
   79.75578   71.49199
   80.00741   71.56174
   80.25905   71.63052
   80.51068   71.69830
   80.76232   71.76513
   81.01395   71.83096
   81.26559   71.89582
   81.51723   71.95970
   81.76887   72.02260
   82.02050   72.08451
   82.27214   72.14545
   82.52377   72.20541
   82.77541   72.26439
   83.02705   72.32237
   83.27869   72.37939
   83.53033   72.43544
   83.78197   72.49049
   84.03360   72.54457
   84.28524   72.59766
   84.53687   72.64978
   84.78851   72.70091
   85.04015   72.75108
   85.29179   72.80026
   85.54342   72.84845
   85.79506   72.89568
   86.04669   72.94190
   86.29833   72.98717
   86.54996   73.03142
   86.80161   73.07473
   87.05324   73.11707
   87.30488   73.15838
   87.55651   73.19875
   87.80815   73.23811
   88.05978   73.27651
   88.31142   73.31394
   88.56306   73.35037
   88.81470   73.38583
   89.06634   73.42030
   89.31797   73.45381
   89.56961   73.48633
   89.82124   73.51785
   90.07288   73.54842
   90.32452   73.57800
   90.57616   73.60658
   90.82780   73.63420
   91.07943   73.66084
   91.33107   73.68650
   91.58270   73.71117
   91.83434   73.73486
   92.08598   73.75760
   92.33762   73.77933
   92.58925   73.80008
   92.84089   73.81987
   93.09252   73.83866
   93.34416   73.85647
   93.59579   73.87330
   93.84743   73.88917
   94.09907   73.90405
   94.35071   73.91794
   94.60234   73.93086
   94.85398   73.94279
   95.10561   73.95375
   95.35725   73.96372
   95.60889   73.97272
   95.86053   73.98075
   96.11217   73.98779
   96.36380   73.99384
   96.61544   73.99891
   96.86708   74.00301
   97.11871   74.00613
   97.37035   74.00826
   97.62199   74.00942
   97.87363   74.00960
   98.12526   74.00879
   98.37690   74.00702
   98.62853   74.00425
   98.88017   74.00050
   99.13181   73.99578
   99.38345   73.99009
   99.63508   73.98340
   99.88672   73.97573
  100.13835   73.96709
  100.38999   73.95747
  100.64162   73.94686
  100.89326   73.93527
  101.14490   73.92272
  101.39654   73.90917
  101.64817   73.89465
  101.89981   73.87914
  102.15145   73.86266
  102.40308   73.84521
  102.65472   73.82676
  102.90636   73.80734
  103.15800   73.78694
  103.40963   73.76554
  103.66127   73.74319
  103.91290   73.71985
  104.16454   73.69552
  104.41618   73.67021
  104.66782   73.64393
  104.91945   73.61668
  105.17109   73.58843
  105.42273   73.55920
  105.67436   73.52900
  105.92600   73.49781
  106.17764   73.46566
  106.42928   73.43251
  106.68091   73.39840
  106.93255   73.36328
  107.18418   73.32719
  107.43582   73.29014
  107.68745   73.25210
  107.93909   73.21308
  108.19073   73.17307
  108.44237   73.13208
  108.69400   73.09013
  108.94565   73.04718
  109.19727   73.00327
  109.44892   72.95835
  109.70055   72.91248
  109.95219   72.86561
  110.20382   72.81777
  110.45547   72.76895
  110.70709   72.71914
  110.95874   72.66835
  111.21037   72.61660
  111.46201   72.56385
  111.71365   72.51014
  111.96529   72.45542
  112.21693   72.39973
  112.46856   72.34308
  112.72020   72.28544
  112.97183   72.22681
  113.22347   72.16721
  113.47511   72.10663
  113.72675   72.04507
  113.97838   71.98252
  114.23002   71.91899
  114.48165   71.85449
  114.73329   71.78902
  114.98492   71.72255
  115.23656   71.65511
  115.48820   71.58668
  115.73984   71.51727
  115.99147   71.44690
  116.24311   71.37553
  116.49474   71.30318
  116.74638   71.22986
  116.99802   71.15556
  117.24966   71.08028
  117.50129   71.00402
  117.75293   70.92677
  118.00457   70.84854
  118.25620   70.76934
  118.50784   70.68916
  118.75948   70.60800
  119.01112   70.52586
  119.26275   70.44273
  119.51439   70.35863
  119.76602   70.27355
  120.01766   70.18748
  120.26929   70.10044
  120.52094   70.01241
  120.77257   69.92342
  121.02421   69.83344
  121.27584   69.74248
  121.52748   69.65052
  121.77911   69.55760
  122.03076   69.46370
  122.28239   69.36883
  122.53403   69.27296
  122.78566   69.17611
  123.03731   69.07829
  123.28893   68.97949
  123.54058   68.87971
  123.79221   68.77893
  124.04385   68.67719
  124.29548   68.57447
  124.54713   68.47078
  124.79877   68.36609
  125.05040   68.26041
  125.30204   68.15378
  125.55367   68.04616
  125.80531   67.93755
  126.05695   67.82798
  126.30859   67.71741
  126.56022   67.60587
  126.81186   67.49334
  127.06349   67.37984
  127.31513   67.26536
  127.56676   67.14989
  127.81841   67.03345
  128.07004   66.91602
  128.32169   66.79763
  128.57330   66.67825
  128.82495   66.55787
  129.07658   66.43654
  129.32822   66.31421
  129.57986   66.19092
  129.83150   66.06663
  130.08313   65.94137
  130.33478   65.81512
  130.58640   65.68790
  130.83804   65.55971
  131.08969   65.43051
  131.34132   65.30035
  131.59296   65.16920
  131.84459   65.03708
  132.09624   64.90398
  132.34787   64.76988
  132.59950   64.63483
  132.85114   64.49879
  133.10278   64.36176
  133.35442   64.22377
  133.60605   64.08476
  133.85768   63.94482
  134.10933   63.80386
  134.36096   63.66196
  134.61259   63.51906
  134.86423   63.37515
  135.11588   63.23030
  135.36751   63.08446
  135.61914   62.93764
  135.87077   62.78984
  136.12242   62.64104
  136.37405   62.49129
  136.62569   62.34055
  136.87732   62.18883
  137.12897   62.03612
  137.38060   61.88242
  137.63223   61.72777
  137.88388   61.57213
  138.13551   61.41551
  138.38715   61.25790
  138.63878   61.09930
  138.89043   60.93976
  139.14206   60.77921
  139.39369   60.61769
  139.64532   60.45518
  139.89697   60.29169
  140.14861   60.12724
  140.40024   59.96179
  140.65187   59.79538
  140.90352   59.62796
  141.15515   59.45958
  141.40680   59.29022
  141.65842   59.11989
  141.91006   58.94856
  142.16170   58.77625
  142.41335   58.60297
  142.66496   58.42871
  142.91661   58.25346
  143.16824   58.07724
  143.41989   57.90002
  143.67151   57.72186
  143.92316   57.54269
  144.17480   57.36255
  144.42644   57.18144
  144.67807   56.99931
  144.92970   56.81624
  145.18135   56.63217
  145.43298   56.44713
  145.68462   56.26112
  145.93625   56.07410
  146.18790   55.88611
  146.43953   55.69716
  146.69116   55.50722
  146.94279   55.31630
  147.19444   55.12439
  147.44608   54.93152
  147.69771   54.73764
  147.94934   54.54280
  148.20099   54.34697
  148.45262   54.15018
  148.70425   53.95239
  148.95589   53.75363
  149.20753   53.55389
  149.45917   53.35316
  149.71080   53.15146
  149.96243   52.94879
  150.21408   52.74512
  150.46571   52.54047
  150.71735   52.33484
  150.96899   52.12823
  151.22063   51.92067
  151.47226   51.71210
  151.72389   51.50255
  151.97554   51.29202
  152.22717   51.08052
  152.47881   50.86804
  152.73044   50.65459
  152.98209   50.44014
  153.23372   50.22472
  153.48537   50.00830
  153.73698   49.79094
  153.98863   49.57257
  154.24026   49.35323
  154.49191   49.13290
  154.74353   48.91159
  154.99518   48.68932
  155.24681   48.46606
  155.49846   48.24181
  155.75008   48.01659
  156.00172   47.79037
  156.25336   47.56322
  156.50500   47.33504
  156.75664   47.10588
  157.00827   46.87576
  157.25992   46.64465
  157.51155   46.41260
  157.76318   46.17952
  158.01482   45.94548
  158.26646   45.71045
  158.51810   45.47446
  158.76973   45.23747
  159.02136   44.99950
  159.27301   44.76056
  159.52464   44.52065
  159.77628   44.27974
  160.02791   44.03786
  160.27956   43.79498
  160.53119   43.55115
  160.78282   43.30632
  161.03445   43.06053
  161.28610   42.81374
  161.53773   42.56598
  161.78937   42.31723
  162.04100   42.06750
  162.29265   41.81682
  162.54428   41.56512
  162.79591   41.31245
  163.04755   41.05882
  163.29919   40.80420
  163.55083   40.54860
  163.80246   40.29201
  164.05411   40.03442
  164.30574   39.77591
  164.55737   39.51637
  164.80901   39.25589
  165.06065   38.99440
  165.31229   38.73193
  165.56393   38.46848
  165.81555   38.20407
  166.06720   37.93866
  166.31883   37.67227
  166.57048   37.40491
  166.82210   37.13658
  167.07375   36.86725
  167.32538   36.59694
  167.57703   36.32565
  167.82864   36.05339
  168.08029   35.78015
  168.33192   35.50594
  168.58357   35.23074
  168.83519   34.95454
  169.08684   34.67738
  169.33847   34.39925
  169.59012   34.12013
  169.84175   33.84000
  170.09338   33.55893
  170.34503   33.27686
  170.59666   32.99384
  170.84830   32.70979
  171.09993   32.42477
  171.35158   32.13881
  171.60321   31.85184
  171.85484   31.56390
  172.10648   31.27499
  172.35812   30.98509
  172.60976   30.69420
  172.86139   30.40234
  173.11302   30.10950
  173.36467   29.81567
  173.61630   29.52086
  173.86794   29.22508
  174.11957   28.92831
  174.37122   28.63060
  174.62285   28.33188
  174.87448   28.03217
  175.12611   27.73148
  175.37776   27.42979
  175.62939   27.12717
  175.88103   26.82352
  176.13268   26.51892
  176.38431   26.21336
  176.63594   25.90680
  176.88757   25.59924
  177.13922   25.29073
  177.39085   24.98122
  177.64249   24.67073
  177.89412   24.35927
  178.14577   24.04683
  178.39740   23.73343
  178.64905   23.41902
  178.90067   23.10364
  179.15231   22.78725
  179.40395   22.46992
  179.65559   22.15157
  179.90721   21.83232
  180.15886   21.51201
  180.41049   21.19077
  180.66214   20.86850
  180.91376   20.54527
  181.16541   20.22107
  181.41704   19.89587
  181.66869   19.56972
  181.92030   19.24260
  182.17195   18.91447
  182.42360   18.58537
  182.67523   18.25528
  182.92686   17.92419
  183.17850   17.59216
  183.43015   17.25912
  183.68178   16.92517
  183.93341   16.59012
  184.18504   16.25421
  184.43669   15.91724
  184.68832   15.57932
  184.93996   15.24042
  185.19159   14.90051
  185.44324   14.55966
  185.69487   14.21783
  185.94650   13.87503
  186.19814   13.53122
  186.44978   13.18643
  186.70142   12.84067
  186.95305   12.49393
  187.20468   12.14621
  187.45633   11.79752
  187.70796   11.44781
  187.95959   11.09717
  188.21123   10.74551
  188.46288   10.39288
  188.71451   10.03928
  188.96614    9.68466
  189.21779    9.32910
  189.46942    8.97260
  189.72105    8.61508
  189.97269    8.25656
  190.22433    7.89709
  190.47597    7.53662
  190.72760    7.17517
  190.97923    6.81277
  191.23088    6.44934
  191.48251    6.08499
  191.73416    5.71960
  191.98578    5.35327
  192.23743    4.98593
  192.48906    4.61765
  192.74071    4.24832
  192.99232    3.87811
  193.24397    3.50684
  193.49561    3.13464
  193.74725    2.76141
  193.99887    2.38724
  194.25052    2.01205
  194.50215    1.63593
  194.75380    1.25882
  195.00542    0.88071
  195.25706    0.50162
  195.50871    0.12158
  195.76035   -0.25949
